Table 1: Results for Color02/03/04 instances:
Instance: queen5_5.col
Size: 25
True χ: 5
Predicted χ (GNN): 4
Predicted Colors: [3, 3, 3, 3, 3, 3, 3, 3, 3, 3, 3, 3, 3, 3, 3, 3, 3, 3, 3, 3, 3, 3, 3, 3, 3]
Execution Time (s): 40.09936833381653

Instance: queen6_6.col
Size: 36
True χ: 7
Predicted χ (GNN): 5
Predicted Colors: [4, 4, 4, 4, 4, 4, 4, 4, 4, 4, 4, 4, 4, 4, 4, 4, 4, 4, 4, 4, 4, 4, 4, 4, 4, 4, 4, 4, 4, 4, 4, 4, 4, 4, 4, 4]
Execution Time (s): 47.07667422294617

Instance: myciel5.col
Size: 47
True χ: 6
Predicted χ (GNN): 4
Predicted Colors: [3, 3, 3, 3, 3, 3, 3, 3, 3, 3, 3, 3, 3, 3, 3, 3, 3, 3, 3, 3, 3, 3, 3, 3, 3, 3, 3, 3, 3, 3, 3, 3, 3, 3, 3, 3, 3, 3, 3, 3, 3, 3, 3, 3, 3, 3, 3]
Execution Time (s): 42.55162835121155

Instance: queen7_7.col
Size: 49
True χ: 7
Predicted χ (GNN): 1
Predicted Colors: [0, 0, 0, 0, 0, 0, 0, 0, 0, 0, 0, 0, 0, 0, 0, 0, 0, 0, 0, 0, 0, 0, 0, 0, 0, 0, 0, 0, 0, 0, 0, 0, 0, 0, 0, 0, 0, 0, 0, 0, 0, 0, 0, 0, 0, 0, 0, 0, 0]
Execution Time (s): 47.82265114784241

Instance: queen8_8.col
Size: 64
True χ: 9
Predicted χ (GNN): 2
Predicted Colors: [1, 1, 1, 1, 0, 1, 0, 1, 1, 0, 1, 1, 0, 1, 1, 0, 1, 1, 0, 1, 0, 1, 0, 0, 1, 1, 1, 1, 0, 0, 0, 0, 1, 1, 1, 1, 0, 1, 0, 0, 1, 1, 1, 1, 0, 1, 1, 1, 1, 1, 0, 1, 0, 1, 0, 1, 1, 0, 0, 1, 0, 0, 0, 0]
Execution Time (s): 39.06762218475342

Instance: 1-Insertions_4.col
Size: 67
True χ: 4
Predicted χ (GNN): 4
Predicted Colors: [0, 1, 0, 1, 0, 1, 2, 0, 1, 0, 1, 0, 1, 2, 2, 1, 2, 1, 3, 1, 2, 0, 0, 1, 0, 1, 0, 1, 2, 0, 1, 0, 1, 0, 1, 2, 2, 2, 2, 2, 3, 3, 2, 0, 2, 1, 2, 1, 3, 1, 2, 3, 1, 4, 1, 3, 1, 2, 2, 1, 2, 1, 3, 1, 2, 1, 0]
Execution Time (s): 29.015259504318237

Instance: huck.col
Size: 74
True χ: 11
Predicted χ (GNN): 10
Predicted Colors: [8, 9, 1, 8, 8, 1, 9, 1, 1, 8, 8, 8, 8, 1, 9, 0, 1, 1, 8, 1, 1, 1, 1, 1, 8, 9, 8, 1, 8, 1, 1, 0, 9, 1, 5, 8, 8, 1, 1, 8, 8, 9, 8, 1, 0, 9, 8, 5, 8, 8, 9, 1, 1, 8, 9, 8, 8, 5, 8, 8, 9, 8, 9, 1, 0, 9, 8, 8, 9, 9, 0, 8, 8, 9]
Execution Time (s): 36.29164695739746

Instance: jean.col
Size: 80
True χ: 10
Predicted χ (GNN): 9
Predicted Colors: [3, 3, 3, 3, 3, 3, 3, 8, 3, 3, 8, 3, 3, 3, 3, 3, 3, 3, 3, 3, 3, 3, 3, 3, 3, 3, 3, 3, 3, 3, 3, 8, 3, 3, 3, 3, 3, 3, 3, 3, 3, 8, 8, 3, 3, 2, 3, 3, 2, 3, 8, 3, 3, 2, 3, 8, 3, 3, 3, 3, 8, 3, 3, 3, 3, 3, 8, 3, 3, 2, 8, 3, 3, 8, 3, 3, 3, 8, 3, 3]
Execution Time (s): 42.886138916015625

Instance: queen9_9.col
Size: 81
True χ: 10
Predicted χ (GNN): 3
Predicted Colors: [2, 2, 2, 2, 2, 2, 2, 2, 2, 2, 2, 2, 2, 2, 2, 2, 2, 2, 2, 2, 2, 2, 2, 2, 2, 2, 2, 2, 2, 2, 2, 2, 2, 2, 2, 2, 2, 2, 2, 2, 2, 2, 2, 2, 2, 2, 2, 2, 2, 2, 2, 2, 2, 2, 2, 2, 2, 2, 2, 2, 2, 2, 2, 2, 2, 2, 2, 2, 2, 2, 2, 2, 2, 2, 2, 2, 2, 2, 2, 2, 2]
Execution Time (s): 60.36849546432495

Instance: david.col
Size: 87
True χ: 11
Predicted χ (GNN): 8
Predicted Colors: [0, 7, 7, 0, 1, 0, 7, 0, 7, 0, 7, 0, 2, 0, 0, 7, 1, 0, 0, 0, 0, 7, 7, 6, 2, 6, 2, 2, 7, 2, 7, 0, 7, 0, 7, 0, 1, 1, 0, 7, 6, 7, 0, 7, 1, 0, 0, 6, 0, 1, 2, 0, 7, 7, 0, 7, 7, 7, 0, 2, 0, 1, 7, 7, 1, 0, 7, 2, 2, 0, 0, 7, 1, 0, 1, 7, 7, 1, 0, 6, 7, 7, 0, 1, 2, 7, 7]
Execution Time (s): 55.977617263793945

Instance: mug88_1.col
Size: 88
True χ: 4
Predicted χ (GNN): 4
Predicted Colors: [0, 1, 0, 0, 2, 1, 1, 2, 0, 1, 0, 1, 2, 0, 2, 1, 0, 2, 3, 1, 2, 1, 1, 0, 2, 0, 2, 3, 0, 2, 1, 1, 0, 0, 1, 0, 1, 2, 0, 1, 0, 2, 0, 1, 2, 0, 2, 0, 1, 2, 1, 1, 0, 1, 1, 0, 1, 2, 2, 0, 1, 1, 2, 3, 1, 2, 3, 1, 2, 3, 2, 0, 3, 1, 2, 3, 3, 0, 2, 3, 0, 2, 0, 1, 2, 3, 0, 2]
Execution Time (s): 47.00087380409241

Instance: myciel6.col
Size: 95
True χ: 7
Predicted χ (GNN): 7
Predicted Colors: [0, 1, 0, 1, 2, 2, 1, 3, 1, 2, 0, 2, 4, 3, 3, 2, 2, 6, 3, 3, 2, 4, 0, 5, 1, 3, 1, 4, 5, 1, 3, 1, 5, 4, 3, 4, 3, 3, 4, 3, 5, 3, 3, 5, 4, 1, 0, 2, 1, 3, 1, 2, 2, 1, 3, 1, 2, 4, 2, 4, 3, 3, 2, 2, 2, 3, 3, 2, 4, 1, 2, 1, 3, 1, 2, 2, 1, 3, 1, 2, 4, 2, 1, 3, 1, 2, 2, 1, 3, 1, 2, 4, 1, 2, 0]
Execution Time (s): 41.26589035987854

Instance: queen8_12.col
Size: 96
True χ: 12
Predicted χ (GNN): 11
Predicted Colors: [10, 5, 10, 10, 10, 10, 10, 10, 10, 10, 10, 10, 10, 5, 5, 5, 5, 10, 10, 10, 5, 10, 10, 10, 5, 5, 5, 5, 10, 10, 10, 10, 5, 5, 5, 5, 10, 5, 5, 10, 10, 10, 10, 10, 10, 10, 10, 10, 10, 5, 10, 10, 10, 5, 10, 10, 10, 5, 10, 10, 10, 10, 10, 10, 10, 10, 10, 10, 10, 10, 10, 10, 10, 10, 10, 10, 10, 10, 10, 10, 10, 10, 10, 10, 10, 10, 10, 10, 10, 10, 10, 10, 5, 10, 10, 10]
Execution Time (s): 71.46713280677795

Instance: games120.col
Size: 120
True χ: 9
Predicted χ (GNN): 8
Predicted Colors: [6, 6, 7, 0, 6, 6, 7, 7, 6, 6, 6, 6, 6, 6, 6, 6, 6, 6, 7, 6, 7, 7, 6, 6, 7, 6, 6, 7, 6, 6, 6, 6, 6, 6, 6, 6, 6, 6, 7, 7, 6, 7, 6, 7, 7, 7, 6, 7, 6, 0, 6, 6, 6, 6, 6, 6, 6, 7, 6, 6, 0, 7, 0, 6, 3, 6, 7, 6, 6, 6, 7, 6, 6, 7, 7, 6, 6, 7, 6, 6, 7, 7, 7, 6, 7, 7, 6, 6, 6, 7, 7, 6, 6, 6, 6, 0, 6, 6, 0, 6, 7, 6, 7, 7, 7, 6, 0, 6, 6, 6, 6, 6, 6, 7, 6, 6, 6, 7, 7, 7]
Execution Time (s): 61.52824950218201

Instance: queen11_11.col
Size: 121
True χ: 11
Predicted χ (GNN): 3
Predicted Colors: [2, 2, 2, 2, 2, 2, 2, 2, 2, 2, 2, 2, 2, 2, 2, 2, 2, 2, 2, 2, 2, 2, 2, 2, 2, 2, 2, 2, 2, 2, 2, 2, 2, 2, 2, 2, 2, 2, 2, 2, 2, 2, 2, 2, 2, 2, 2, 2, 2, 2, 2, 2, 2, 2, 2, 2, 2, 2, 2, 2, 2, 2, 2, 2, 2, 2, 2, 2, 2, 2, 2, 2, 2, 2, 2, 2, 2, 2, 2, 2, 2, 2, 2, 2, 2, 2, 2, 2, 2, 2, 2, 2, 2, 2, 2, 2, 2, 2, 2, 2, 2, 2, 2, 2, 2, 2, 2, 2, 2, 2, 2, 2, 2, 2, 2, 2, 2, 2, 2, 2, 2]
Execution Time (s): 96.91585636138916

Instance: anna.col
Size: 138
True χ: 11
Predicted χ (GNN): 7
Predicted Colors: [4, 2, 4, 4, 4, 4, 4, 2, 4, 6, 4, 4, 2, 6, 4, 4, 6, 4, 4, 4, 6, 2, 2, 4, 2, 4, 4, 2, 2, 4, 2, 6, 4, 4, 4, 4, 4, 4, 2, 4, 2, 4, 0, 6, 4, 6, 2, 4, 4, 4, 4, 4, 4, 4, 6, 4, 6, 4, 4, 6, 4, 4, 2, 4, 6, 4, 6, 6, 2, 6, 4, 4, 6, 4, 6, 4, 6, 4, 2, 4, 4, 4, 4, 2, 4, 2, 2, 2, 4, 4, 4, 6, 4, 4, 4, 4, 4, 2, 4, 4, 6, 2, 2, 4, 6, 4, 2, 4, 4, 4, 4, 4, 4, 2, 4, 4, 6, 4, 6, 4, 2, 4, 6, 2, 4, 4, 2, 4, 6, 6, 4, 2, 4, 4, 4, 4, 4, 4]
Execution Time (s): 55.98118281364441

Instance: 2-Insertions_4.col
Size: 149
True χ: 4
Predicted χ (GNN): 4
Predicted Colors: [0, 1, 0, 1, 0, 1, 0, 1, 2, 0, 1, 0, 1, 0, 1, 0, 1, 2, 0, 1, 0, 1, 0, 1, 0, 1, 2, 2, 1, 2, 1, 2, 1, 3, 1, 2, 0, 0, 1, 0, 1, 0, 1, 0, 1, 2, 0, 1, 0, 1, 0, 1, 0, 1, 2, 0, 1, 0, 1, 0, 1, 0, 1, 2, 2, 1, 2, 1, 2, 1, 3, 1, 2, 0, 0, 1, 0, 1, 0, 1, 0, 1, 2, 0, 1, 0, 1, 0, 1, 0, 1, 2, 0, 1, 0, 1, 0, 1, 0, 1, 2, 2, 2, 2, 2, 2, 2, 3, 3, 2, 0, 2, 1, 2, 1, 2, 1, 3, 1, 2, 2, 1, 2, 1, 2, 1, 3, 1, 2, 3, 1, 3, 1, 4, 1, 3, 1, 2, 2, 1, 2, 1, 2, 1, 3, 1, 2, 1, 0]
Execution Time (s): 45.567535400390625

Instance: queen13_13.col
Size: 169
True χ: 13
Predicted χ (GNN): 1
Predicted Colors: [0, 0, 0, 0, 0, 0, 0, 0, 0, 0, 0, 0, 0, 0, 0, 0, 0, 0, 0, 0, 0, 0, 0, 0, 0, 0, 0, 0, 0, 0, 0, 0, 0, 0, 0, 0, 0, 0, 0, 0, 0, 0, 0, 0, 0, 0, 0, 0, 0, 0, 0, 0, 0, 0, 0, 0, 0, 0, 0, 0, 0, 0, 0, 0]
Execution Time (s): 122.52127146720886

Instance: myciel7.col
Size: 191
True χ: 8
Predicted χ (GNN): 8
Predicted Colors: [0, 1, 0, 1, 2, 2, 1, 3, 1, 2, 0, 3, 4, 3, 3, 4, 3, 6, 3, 3, 5, 4, 0, 5, 1, 3, 1, 4, 5, 1, 3, 1, 5, 4, 3, 4, 3, 3, 4, 3, 5, 3, 3, 5, 4, 1, 0, 2, 4, 3, 6, 2, 2, 6, 3, 6, 2, 4, 2, 4, 3, 3, 2, 2, 6, 3, 3, 2, 4, 2, 5, 4, 3, 6, 4, 5, 5, 3, 5, 5, 4, 3, 4, 3, 3, 4, 3, 5, 3, 3, 5, 4, 7, 2, 0, 2, 1, 3, 1, 2, 2, 1, 3, 1, 2, 4, 3, 4, 3, 3, 4, 3, 6, 3, 3, 5, 4, 1, 5, 1, 3, 1, 4, 5, 1, 3, 1, 5, 4, 3, 1, 3, 1, 4, 3, 1, 3, 1, 5, 4, 1, 2, 2, 1, 3, 1, 2, 2, 1, 3, 1, 2, 4, 2, 4, 3, 3, 2, 2, 2, 3, 3, 2, 4, 1, 2, 1, 3, 1, 2, 2, 1, 3, 1, 2, 4, 2, 1, 3, 1, 2, 2, 1, 3, 1, 2, 4, 1, 2, 1, 0]
Execution Time (s): 85.04447388648987

Instance: homer.col
Size: 561
True χ: 13
Predicted χ (GNN): 12
Predicted Colors: [8, 8, 8, 8, 8, 8, 8, 8, 8, 8, 8, 8, 8, 8, 8, 8, 8, 8, 11, 8, 8, 8, 8, 8, 8, 8, 8, 8, 8, 8, 8, 8, 8, 8, 8, 8, 8, 8, 8, 8, 8, 8, 8, 8, 8, 8, 8, 8, 8, 8, 8, 11, 8, 8, 8, 8, 8, 11, 8, 8, 8, 8, 6, 8, 8, 8, 8, 8, 8, 8, 10, 8, 8, 8, 8, 8, 8, 8, 8, 8, 8, 8, 8, 8, 8, 8, 8, 8, 8, 8, 8, 8, 10, 8, 8, 8, 8, 8, 8, 10, 8, 8, 8, 8, 8, 10, 8, 8, 8, 8, 8, 8, 8, 8, 8, 5, 8, 8, 8, 8, 8, 11, 8, 8, 8, 8, 8, 8, 8, 8, 8, 8, 11, 8, 8, 8, 8, 8, 8, 8, 8, 8, 8, 8, 8, 8, 8, 8, 8, 8, 8, 8, 8, 8, 8, 8, 8, 8, 8, 8, 8, 8, 8, 8, 8, 8, 8, 8, 8, 8, 8, 9, 8, 8, 8, 8, 8, 8, 8, 8, 8, 8, 8, 8, 8, 8, 8, 8, 8, 8, 8, 8, 8, 8, 8, 8, 8, 8, 8, 8, 8, 8, 8, 8, 8, 8, 8, 8, 8, 8, 8, 8, 8, 11, 8, 11, 8, 8, 8, 8, 8, 8, 8, 8, 8, 8, 8, 8, 8, 8, 8, 8, 8, 8, 10, 8, 8, 8, 8, 8, 8, 8, 8, 8, 8, 8, 8, 8, 8, 8, 8, 8, 8, 8, 8, 8, 8, 8, 8, 8, 8, 8, 8, 8, 8, 8, 8, 8, 8, 8, 8, 8, 8, 8, 8, 8, 8, 8, 8, 11, 8, 8, 8, 8, 8, 8, 8, 8, 8, 8, 8, 8, 8, 8, 8, 8, 8, 8, 8, 8, 8, 8, 8, 8, 8, 8, 8, 8, 8, 8, 8, 8, 8, 8, 11, 8, 8, 8, 8, 8, 8, 8, 8, 8, 11, 8, 8, 8, 8, 8, 8, 8, 8, 8, 8, 8, 8, 8, 8, 8, 8, 8, 0, 8, 8, 8, 8, 8, 8, 8, 11, 8, 8, 8, 8, 8, 8, 8, 8, 8, 8, 8, 8, 8, 8, 8, 8, 8, 8, 8, 8, 8, 6, 11, 11, 8, 8, 8, 8, 8, 8, 8, 8, 8, 8, 8, 8, 8, 8, 8, 8, 8, 8, 8, 8, 8, 8, 8, 10, 8, 8, 8, 8, 8, 8, 8, 8, 8, 8, 8, 8, 8, 8, 8, 8, 8, 8, 8, 8, 8, 8, 8, 8, 8, 8, 8, 8, 8, 8, 8, 8, 8, 8, 8, 11, 8, 8, 8, 8, 8, 8, 8, 8, 8, 8, 8, 8, 8, 8, 8, 8, 8, 8, 8, 8, 8, 8, 8, 8, 8, 8, 8, 8, 8, 8, 8, 8, 8, 8, 11, 8, 8, 8, 8, 8, 8, 8, 8, 8, 8, 8, 8, 8, 8, 8, 8, 8, 8, 8, 8, 8, 8, 8, 8, 8, 8, 8, 8, 8, 0, 8, 8, 8, 8, 5, 8, 8, 8, 8, 8, 8, 8, 8, 8, 8, 8, 8, 10, 8, 8, 8, 8, 8, 8, 8, 8, 8, 8, 8, 8, 11, 8, 8, 8, 8, 8, 8, 8, 8, 6, 8, 8, 8, 5, 8, 8, 8, 5, 8, 8, 8, 8, 8, 8, 8, 8, 8, 8, 8, 8, 8]
Execution Time (s): 87.15530443191528

