Table 1: Results for Color02/03/04 instances:
Instance: queen5_5.col
Size: 25
True χ: 5
Predicted χ (GNN): 1
Predicted Colors: [0, 0, 0, 0, 0, 0, 0, 0, 0, 0, 0, 0, 0, 0, 0, 0, 0, 0, 0, 0, 0, 0, 0, 0, 0]
Execution Time (s): 46.638028383255005

Instance: queen6_6.col
Size: 36
True χ: 7
Predicted χ (GNN): 1
Predicted Colors: [0, 0, 0, 0, 0, 0, 0, 0, 0, 0, 0, 0, 0, 0, 0, 0, 0, 0, 0, 0, 0, 0, 0, 0, 0, 0, 0, 0, 0, 0, 0, 0, 0, 0, 0, 0]
Execution Time (s): 56.1399302482605

Instance: myciel5.col
Size: 47
True χ: 6
Predicted χ (GNN): 4
Predicted Colors: [3, 3, 3, 3, 3, 3, 3, 3, 3, 3, 3, 3, 3, 3, 3, 3, 3, 3, 3, 3, 3, 3, 3, 3, 3, 3, 3, 3, 3, 3, 3, 3, 3, 3, 3, 3, 3, 3, 3, 3, 3, 3, 3, 3, 3, 3, 3]
Execution Time (s): 49.433125734329224

Instance: queen7_7.col
Size: 49
True χ: 7
Predicted χ (GNN): 6
Predicted Colors: [5, 5, 5, 5, 5, 2, 5, 2, 5, 2, 5, 2, 5, 5, 5, 5, 5, 2, 5, 5, 5, 2, 5, 2, 2, 2, 2, 2, 2, 2, 5, 2, 5, 2, 5, 2, 2, 2, 2, 2, 2, 2, 2, 2, 2, 2, 2, 2, 5]
Execution Time (s): 55.62712907791138

Instance: queen8_8.col
Size: 64
True χ: 9
Predicted χ (GNN): 1
Predicted Colors: [0, 0, 0, 0, 0, 0, 0, 0, 0, 0, 0, 0, 0, 0, 0, 0, 0, 0, 0, 0, 0, 0, 0, 0, 0, 0, 0, 0, 0, 0, 0, 0, 0, 0, 0, 0, 0, 0, 0, 0, 0, 0, 0, 0, 0, 0, 0, 0, 0, 0, 0, 0, 0, 0, 0, 0, 0, 0, 0, 0, 0, 0, 0, 0]
Execution Time (s): 66.2456886768341

Instance: 1-Insertions_4.col
Size: 67
True χ: 4
Predicted χ (GNN): 2
Predicted Colors: [0, 0, 0, 1, 1, 0, 1, 1, 0, 0, 1, 0, 0, 1, 0, 0, 0, 0, 1, 0, 0, 0, 0, 0, 0, 1, 1, 0, 1, 0, 0, 0, 1, 0, 0, 1, 0, 0, 0, 0, 1, 1, 0, 0, 1, 0, 0, 0, 1, 0, 1, 0, 0, 0, 0, 0, 1, 0, 1, 0, 1, 1, 1, 1, 1, 0, 1]
Execution Time (s): 43.58913254737854

Instance: huck.col
Size: 74
True χ: 11
Predicted χ (GNN): 10
Predicted Colors: [9, 4, 9, 4, 9, 4, 1, 9, 9, 9, 9, 9, 9, 9, 9, 1, 4, 9, 9, 4, 4, 9, 4, 9, 9, 1, 9, 0, 9, 4, 9, 4, 9, 4, 4, 9, 9, 9, 4, 9, 4, 9, 4, 9, 4, 4, 9, 4, 9, 9, 4, 9, 9, 9, 9, 9, 4, 4, 9, 9, 1, 9, 4, 4, 1, 9, 9, 9, 9, 1, 4, 9, 9, 4]
Execution Time (s): 60.96959638595581

Instance: jean.col
Size: 80
True χ: 10
Predicted χ (GNN): 7
Predicted Colors: [0, 6, 1, 6, 6, 6, 6, 4, 6, 6, 6, 0, 6, 0, 6, 6, 6, 6, 6, 6, 6, 6, 6, 0, 1, 6, 1, 6, 6, 6, 6, 0, 1, 6, 6, 6, 6, 6, 6, 1, 0, 6, 6, 6, 3, 6, 6, 6, 0, 6, 4, 6, 6, 6, 6, 4, 4, 6, 6, 1, 0, 0, 1, 6, 4, 6, 0, 6, 1, 6, 6, 6, 1, 6, 6, 6, 6, 0, 6, 0]
Execution Time (s): 60.26988887786865

Instance: queen9_9.col
Size: 81
True χ: 10
Predicted χ (GNN): 3
Predicted Colors: [2, 2, 2, 2, 2, 2, 2, 2, 2, 2, 2, 2, 2, 2, 2, 2, 2, 2, 2, 2, 2, 2, 2, 2, 2, 2, 2, 2, 2, 2, 2, 2, 2, 2, 2, 2, 2, 2, 2, 2, 2, 2, 2, 2, 2, 2, 2, 2, 2, 2, 2, 2, 2, 2, 2, 2, 2, 2, 2, 2, 2, 2, 2, 2, 2, 2, 2, 2, 2, 2, 2, 2, 2, 2, 2, 2, 2, 2, 2, 2, 2]
Execution Time (s): 79.01061964035034

Instance: david.col
Size: 87
True χ: 11
Predicted χ (GNN): 3
Predicted Colors: [2, 2, 2, 2, 2, 2, 2, 2, 2, 2, 2, 2, 2, 2, 2, 2, 2, 2, 2, 2, 2, 2, 2, 2, 2, 2, 2, 2, 2, 2, 2, 2, 2, 2, 2, 2, 2, 2, 2, 2, 2, 2, 2, 2, 2, 2, 2, 2, 2, 2, 2, 2, 2, 2, 2, 2, 2, 2, 2, 2, 2, 2, 2, 2, 2, 2, 2, 2, 2, 2, 2, 2, 2, 2, 2, 2, 2, 2, 2, 2, 2, 2, 2, 2, 2, 2, 2]
Execution Time (s): 59.52392244338989

Instance: mug88_1.col
Size: 88
True χ: 4
Predicted χ (GNN): 3
Predicted Colors: [2, 2, 1, 2, 1, 2, 2, 2, 2, 2, 2, 2, 2, 2, 2, 2, 2, 2, 2, 2, 2, 1, 2, 2, 2, 2, 2, 2, 2, 2, 2, 2, 2, 2, 2, 1, 1, 2, 2, 2, 2, 2, 2, 2, 2, 2, 2, 2, 2, 2, 2, 2, 2, 2, 2, 2, 2, 2, 2, 2, 2, 2, 2, 2, 2, 2, 2, 2, 1, 1, 2, 2, 2, 2, 2, 2, 2, 2, 2, 2, 2, 2, 2, 2, 2, 2, 2, 2]
Execution Time (s): 41.152405977249146

Instance: myciel6.col
Size: 95
True χ: 7
Predicted χ (GNN): 7
Predicted Colors: [0, 1, 0, 1, 2, 2, 1, 3, 1, 2, 0, 2, 4, 3, 3, 2, 2, 6, 3, 3, 2, 4, 0, 5, 1, 3, 1, 4, 5, 1, 3, 1, 5, 4, 3, 4, 3, 3, 4, 3, 5, 3, 3, 5, 4, 1, 0, 2, 1, 3, 1, 2, 2, 1, 3, 1, 2, 4, 2, 4, 3, 3, 2, 2, 2, 3, 3, 2, 4, 1, 2, 1, 3, 1, 2, 2, 1, 3, 1, 2, 4, 2, 1, 3, 1, 2, 2, 1, 3, 1, 2, 4, 1, 2, 0]
Execution Time (s): 56.88555455207825

Instance: queen8_12.col
Size: 96
True χ: 12
Predicted χ (GNN): 6
Predicted Colors: [5, 5, 5, 5, 5, 5, 5, 5, 5, 5, 5, 5, 5, 5, 5, 5, 5, 5, 5, 5, 5, 5, 5, 5, 5, 5, 5, 5, 5, 5, 5, 5, 5, 5, 5, 5, 5, 5, 5, 5, 5, 5, 5, 5, 5, 5, 5, 5, 5, 5, 5, 5, 5, 5, 5, 5, 5, 5, 5, 5, 5, 5, 5, 5, 5, 5, 5, 5, 5, 5, 5, 5, 5, 5, 5, 5, 5, 5, 5, 5, 5, 5, 5, 5, 5, 5, 5, 5, 5, 5, 5, 5, 5, 5, 5, 5]
Execution Time (s): 80.17778873443604

Instance: games120.col
Size: 120
True χ: 9
Predicted χ (GNN): 7
Predicted Colors: [4, 4, 6, 4, 4, 4, 4, 4, 6, 4, 4, 4, 4, 4, 3, 4, 4, 4, 4, 4, 4, 6, 6, 4, 4, 4, 4, 4, 4, 4, 6, 4, 6, 4, 4, 4, 4, 6, 4, 3, 4, 6, 6, 6, 3, 3, 4, 4, 4, 4, 6, 4, 4, 4, 4, 4, 4, 6, 4, 4, 4, 4, 4, 6, 4, 3, 6, 4, 4, 6, 3, 4, 4, 3, 4, 4, 4, 4, 4, 3, 3, 3, 4, 4, 4, 3, 4, 4, 4, 6, 6, 4, 4, 4, 4, 4, 4, 4, 4, 4, 4, 4, 6, 3, 6, 6, 4, 4, 4, 6, 6, 4, 4, 6, 6, 6, 4, 4, 6, 4]
Execution Time (s): 74.39410042762756

Instance: queen11_11.col
Size: 121
True χ: 11
Predicted χ (GNN): 6
Predicted Colors: [5, 5, 5, 5, 5, 5, 5, 5, 5, 5, 5, 5, 5, 5, 5, 5, 5, 5, 5, 5, 5, 5, 5, 5, 5, 5, 5, 5, 5, 5, 5, 5, 5, 5, 5, 5, 5, 5, 5, 5, 5, 5, 5, 5, 5, 5, 5, 5, 5, 5, 5, 5, 5, 5, 5, 5, 5, 5, 5, 5, 5, 5, 5, 5, 5, 5, 5, 5, 5, 5, 5, 5, 5, 5, 5, 5, 5, 5, 5, 5, 5, 5, 5, 5, 5, 5, 5, 2, 5, 5, 5, 5, 5, 5, 5, 5, 5, 5, 2, 5, 5, 5, 5, 5, 5, 5, 5, 5, 5, 2, 5, 5, 5, 5, 5, 5, 5, 5, 5, 5, 5]
Execution Time (s): 85.29692506790161

Instance: anna.col
Size: 138
True χ: 11
Predicted χ (GNN): 8
Predicted Colors: [1, 1, 1, 1, 1, 1, 1, 1, 1, 1, 1, 1, 1, 1, 1, 1, 1, 1, 1, 1, 1, 1, 1, 1, 1, 1, 1, 1, 1, 1, 1, 1, 1, 1, 1, 1, 1, 1, 1, 1, 1, 7, 1, 1, 1, 1, 1, 4, 7, 1, 1, 1, 1, 1, 1, 1, 1, 1, 1, 1, 1, 1, 1, 1, 1, 1, 1, 1, 1, 1, 1, 1, 1, 1, 1, 1, 1, 1, 1, 1, 1, 1, 1, 1, 1, 1, 1, 1, 1, 1, 1, 1, 1, 1, 1, 1, 1, 1, 1, 1, 1, 1, 1, 1, 1, 1, 1, 1, 1, 1, 1, 1, 1, 1, 1, 1, 1, 1, 1, 1, 1, 1, 1, 1, 1, 1, 1, 7, 1, 1, 7, 1, 7, 1, 1, 1, 4, 1]
Execution Time (s): 64.05182266235352

Instance: 2-Insertions_4.col
Size: 149
True χ: 4
Predicted χ (GNN): 4
Predicted Colors: [0, 1, 0, 1, 0, 1, 0, 1, 2, 0, 1, 0, 1, 0, 1, 0, 1, 2, 0, 1, 0, 1, 0, 1, 0, 1, 2, 2, 1, 2, 1, 2, 1, 3, 1, 2, 0, 0, 1, 0, 1, 0, 1, 0, 1, 2, 0, 1, 0, 1, 0, 1, 0, 1, 2, 0, 1, 0, 1, 0, 1, 0, 1, 2, 2, 1, 2, 1, 2, 1, 3, 1, 2, 0, 0, 1, 0, 1, 0, 1, 0, 1, 2, 0, 1, 0, 1, 0, 1, 0, 1, 2, 0, 1, 0, 1, 0, 1, 0, 1, 2, 2, 2, 2, 2, 2, 2, 3, 3, 2, 0, 2, 1, 2, 1, 2, 1, 3, 1, 2, 2, 1, 2, 1, 2, 1, 3, 1, 2, 3, 1, 3, 1, 4, 1, 3, 1, 2, 2, 1, 2, 1, 2, 1, 3, 1, 2, 1, 0]
Execution Time (s): 56.42190504074097

Instance: queen13_13.col
Size: 169
True χ: 13
Predicted χ (GNN): 1
Predicted Colors: [0, 0, 0, 0, 0, 0, 0, 0, 0, 0, 0, 0, 0, 0, 0, 0, 0, 0, 0, 0, 0, 0, 0, 0, 0, 0, 0, 0, 0, 0, 0, 0, 0, 0, 0, 0, 0, 0, 0, 0, 0, 0, 0, 0, 0, 0, 0, 0, 0, 0, 0, 0, 0, 0, 0, 0, 0, 0, 0, 0, 0, 0, 0, 0, 0, 0, 0, 0, 0, 0, 0, 0, 0, 0, 0, 0, 0, 0, 0, 0, 0, 0, 0, 0, 0, 0, 0, 0, 0, 0, 0, 0, 0, 0, 0, 0, 0, 0, 0, 0, 0, 0, 0, 0, 0, 0, 0, 0, 0, 0, 0, 0, 0, 0, 0, 0, 0, 0, 0, 0, 0, 0, 0, 0, 0, 0, 0, 0, 0, 0, 0, 0, 0, 0, 0, 0, 0, 0, 0, 0, 0, 0, 0, 0, 0, 0, 0, 0, 0, 0, 0, 0, 0, 0, 0, 0, 0, 0, 0, 0, 0, 0, 0, 0, 0, 0, 0, 0, 0]
Execution Time (s): 128.08833146095276

Instance: myciel7.col
Size: 191
True χ: 8
Predicted χ (GNN): 4
Predicted Colors: [0, 0, 0, 0, 0, 0, 0, 0, 0, 0, 0, 0, 0, 0, 0, 0, 3, 0, 0, 0, 3, 0, 3, 0, 0, 0, 0, 0, 3, 3, 3, 3, 3, 0, 0, 0, 0, 0, 0, 3, 0, 3, 0, 3, 0, 3, 3, 0, 3, 0, 3, 0, 3, 3, 3, 3, 3, 3, 0, 0, 0, 0, 0, 0, 3, 0, 0, 3, 0, 3, 0, 0, 0, 0, 0, 3, 3, 3, 0, 3, 0, 0, 0, 0, 0, 0, 3, 0, 0, 0, 0, 0, 3, 3, 3, 0, 3, 0, 3, 0, 3, 3, 3, 3, 3, 3, 0, 0, 0, 0, 0, 0, 3, 0, 0, 3, 0, 3, 0, 0, 0, 3, 0, 3, 3, 3, 3, 3, 0, 0, 0, 0, 0, 0, 3, 3, 3, 0, 3, 0, 3, 3, 0, 3, 0, 3, 0, 3, 3, 3, 3, 3, 3, 0, 0, 0, 0, 0, 0, 3, 0, 0, 3, 0, 3, 0, 0, 0, 0, 0, 3, 3, 3, 0, 3, 0, 0, 0, 0, 0, 0, 3, 0, 3, 0, 3, 0, 3, 3, 3, 3]
Execution Time (s): 81.98312473297119

Instance: homer.col
Size: 561
True χ: 13
Predicted χ (GNN): 13
Predicted Colors: [3, 4, 0, 0, 0, 0, 0, 1, 0, 3, 4, 0, 0, 0, 2, 1, 2, 0, 0, 0, 0, 0, 0, 1, 0, 0, 1, 1, 1, 1, 1, 4, 0, 7, 2, 1, 0, 1, 0, 5, 0, 4, 0, 10, 0, 6, 0, 0, 0, 2, 1, 1, 8, 0, 0, 0, 2, 1, 0, 2, 4, 2, 0, 3, 0, 3, 2, 2, 6, 0, 0, 3, 0, 2, 0, 6, 1, 1, 0, 0, 0, 1, 5, 1, 1, 7, 0, 2, 0, 0, 0, 0, 0, 4, 2, 1, 1, 0, 1, 0, 0, 0, 0, 0, 0, 0, 2, 0, 0, 0, 0, 0, 7, 1, 5, 0, 6, 0, 0, 0, 6, 0, 0, 0, 0, 0, 0, 0, 0, 0, 0, 0, 10, 0, 7, 0, 1, 1, 1, 1, 1, 0, 0, 2, 10, 1, 1, 3, 0, 1, 0, 8, 7, 0, 0, 1, 5, 4, 3, 1, 1, 4, 6, 0, 0, 2, 1, 2, 9, 1, 0, 1, 1, 1, 2, 5, 1, 0, 1, 1, 4, 1, 1, 2, 1, 2, 9, 0, 0, 3, 0, 2, 0, 0, 1, 0, 1, 0, 0, 3, 3, 5, 0, 0, 4, 1, 3, 0, 1, 1, 0, 0, 1, 0, 0, 3, 3, 0, 0, 3, 0, 0, 0, 0, 3, 0, 0, 0, 1, 0, 0, 2, 0, 0, 0, 0, 3, 0, 0, 0, 1, 0, 3, 4, 0, 1, 0, 1, 0, 2, 0, 0, 0, 0, 0, 5, 2, 1, 3, 0, 2, 0, 0, 2, 1, 0, 0, 0, 1, 0, 2, 0, 0, 5, 0, 0, 2, 1, 0, 0, 0, 2, 1, 0, 0, 0, 0, 0, 4, 0, 0, 1, 0, 1, 0, 0, 0, 0, 0, 1, 0, 0, 0, 2, 1, 0, 1, 1, 1, 2, 10, 1, 0, 4, 0, 0, 2, 0, 0, 1, 0, 0, 1, 0, 0, 0, 2, 1, 2, 0, 0, 9, 6, 0, 0, 1, 1, 0, 1, 0, 3, 4, 0, 2, 6, 7, 1, 1, 0, 11, 1, 0, 5, 4, 1, 1, 0, 1, 2, 2, 0, 2, 0, 4, 9, 7, 2, 1, 1, 0, 1, 0, 0, 0, 3, 0, 7, 12, 0, 0, 2, 2, 1, 6, 0, 2, 1, 6, 2, 0, 1, 0, 2, 4, 0, 9, 1, 1, 0, 0, 1, 0, 1, 5, 0, 7, 1, 0, 1, 0, 4, 5, 0, 1, 1, 0, 0, 2, 1, 2, 8, 3, 2, 1, 0, 0, 0, 2, 1, 0, 0, 0, 0, 0, 0, 0, 1, 0, 2, 1, 3, 0, 2, 0, 0, 0, 1, 0, 1, 0, 0, 1, 2, 0, 0, 0, 0, 3, 0, 0, 1, 0, 0, 2, 1, 0, 2, 1, 0, 0, 0, 1, 1, 1, 5, 4, 0, 1, 2, 0, 8, 0, 0, 1, 2, 0, 1, 7, 1, 0, 1, 0, 6, 7, 0, 1, 2, 5, 1, 0, 0, 0, 0, 3, 0, 8, 3, 0, 0, 0, 0, 0, 2, 1, 1, 0, 1, 0, 1, 0, 6, 1, 5, 0, 1, 1, 1, 1, 1, 1, 0, 0, 1, 0, 0, 3, 6, 0, 1, 8, 0, 0, 3, 4, 0, 1, 0, 1, 4, 8, 1, 1, 4, 0, 8, 0]
Execution Time (s): 110.4791054725647

