Table 1: Results for Color02/03/04 instances:
Instance: queen5_5.col
Size: 25
True χ: 5
Predicted χ (GNN): 4
Predicted Colors: [3, 3, 3, 3, 3, 3, 3, 3, 3, 3, 3, 3, 3, 3, 3, 3, 3, 3, 3, 3, 3, 3, 3, 3, 3]
Execution Time (s): 67.03915858268738

Instance: queen6_6.col
Size: 36
True χ: 7
Predicted χ (GNN): 2
Predicted Colors: [1, 1, 1, 1, 1, 1, 1, 1, 1, 1, 1, 1, 1, 1, 1, 1, 1, 1, 1, 1, 1, 1, 1, 1, 1, 1, 1, 1, 1, 1, 1, 1, 1, 1, 1, 1]
Execution Time (s): 48.99540162086487

Instance: myciel5.col
Size: 47
True χ: 6
Predicted χ (GNN): 2
Predicted Colors: [1, 1, 1, 1, 1, 1, 1, 1, 1, 1, 1, 1, 1, 1, 1, 1, 1, 1, 1, 1, 1, 1, 1, 1, 1, 1, 1, 1, 1, 1, 1, 1, 1, 1, 1, 1, 1, 1, 1, 1, 1, 1, 1, 1, 1, 1, 1]
Execution Time (s): 51.610814571380615

Instance: queen7_7.col
Size: 49
True χ: 7
Predicted χ (GNN): 2
Predicted Colors: [1, 1, 1, 1, 1, 1, 1, 1, 1, 1, 1, 1, 1, 1, 1, 1, 1, 1, 1, 1, 1, 1, 1, 1, 1, 1, 1, 1, 1, 1, 1, 1, 1, 1, 1, 1, 1, 1, 1, 1, 1, 1, 1, 1, 1, 1, 1, 1, 1]
Execution Time (s): 68.35080432891846

Instance: queen8_8.col
Size: 64
True χ: 9
Predicted χ (GNN): 8
Predicted Colors: [7, 7, 7, 7, 7, 7, 7, 7, 7, 7, 7, 7, 7, 7, 7, 7, 7, 7, 7, 7, 7, 7, 7, 7, 7, 7, 7, 7, 7, 7, 7, 7, 7, 7, 7, 7, 7, 7, 7, 7, 7, 7, 7, 7, 7, 7, 7, 7, 7, 7, 7, 7, 7, 7, 7, 7, 7, 7, 7, 7, 7, 7, 7, 7]
Execution Time (s): 84.59923696517944

Instance: 1-Insertions_4.col
Size: 67
True χ: 4
Predicted χ (GNN): 3
Predicted Colors: [2, 2, 2, 2, 2, 0, 0, 2, 2, 0, 2, 0, 0, 0, 2, 0, 0, 0, 0, 0, 0, 0, 2, 2, 0, 0, 0, 0, 0, 0, 2, 0, 2, 0, 0, 0, 0, 0, 0, 0, 0, 0, 0, 0, 0, 0, 0, 0, 0, 0, 0, 0, 0, 0, 0, 0, 0, 0, 0, 0, 0, 0, 0, 0, 0, 0, 0]
Execution Time (s): 61.61380648612976

Instance: huck.col
Size: 74
True χ: 11
Predicted χ (GNN): 11
Predicted Colors: [3, 5, 1, 1, 9, 3, 0, 0, 4, 5, 7, 7, 4, 6, 1, 1, 1, 3, 8, 8, 5, 5, 2, 1, 10, 0, 6, 0, 5, 3, 5, 2, 0, 6, 0, 1, 0, 7, 7, 6, 3, 2, 0, 1, 2, 6, 5, 1, 2, 8, 4, 2, 3, 1, 0, 9, 2, 2, 1, 5, 0, 4, 0, 4, 2, 1, 6, 7, 6, 1, 0, 1, 4, 1]
Execution Time (s): 76.89687395095825

Instance: jean.col
Size: 80
True χ: 10
Predicted χ (GNN): 9
Predicted Colors: [8, 8, 8, 8, 8, 8, 8, 8, 8, 8, 8, 5, 8, 8, 8, 8, 8, 8, 8, 8, 8, 8, 8, 8, 8, 8, 8, 8, 8, 8, 8, 5, 8, 8, 8, 8, 8, 8, 8, 8, 5, 8, 8, 8, 8, 8, 8, 8, 4, 8, 8, 8, 8, 8, 8, 8, 8, 8, 8, 8, 8, 8, 8, 8, 5, 8, 8, 8, 8, 8, 3, 8, 8, 8, 8, 8, 8, 8, 8, 8]
Execution Time (s): 76.32891845703125

Instance: queen9_9.col
Size: 81
True χ: 10
Predicted χ (GNN): 3
Predicted Colors: [2, 2, 2, 2, 2, 2, 2, 2, 2, 2, 2, 2, 2, 2, 2, 2, 2, 2, 2, 2, 2, 2, 2, 2, 2, 2, 2, 2, 2, 2, 2, 2, 2, 2, 2, 2, 2, 2, 2, 2, 2, 2, 2, 2, 2, 2, 2, 2, 2, 2, 2, 2, 2, 2, 2, 2, 2, 2, 2, 2, 2, 2, 2, 2, 2, 2, 2, 2, 2, 2, 2, 2, 2, 2, 2, 2, 2, 2, 2, 2, 2]
Execution Time (s): 106.01071786880493

Instance: david.col
Size: 87
True χ: 11
Predicted χ (GNN): 11
Predicted Colors: [3, 2, 1, 6, 1, 1, 7, 1, 2, 1, 4, 3, 3, 1, 1, 5, 2, 2, 1, 2, 10, 2, 4, 2, 1, 1, 4, 1, 8, 2, 2, 8, 5, 5, 6, 1, 5, 1, 1, 5, 1, 6, 5, 1, 7, 7, 2, 1, 3, 9, 3, 5, 8, 4, 10, 1, 1, 4, 1, 2, 2, 1, 3, 1, 1, 4, 1, 4, 2, 1, 6, 7, 8, 9, 1, 3, 1, 2, 5, 5, 7, 1, 0, 6, 0, 1, 3]
Execution Time (s): 76.86424922943115

Instance: mug88_1.col
Size: 88
True χ: 4
Predicted χ (GNN): 4
Predicted Colors: [0, 1, 0, 0, 2, 1, 1, 2, 0, 1, 0, 1, 2, 0, 2, 1, 0, 2, 3, 1, 2, 1, 1, 0, 2, 0, 2, 3, 0, 2, 1, 1, 0, 0, 1, 0, 1, 2, 0, 1, 0, 2, 0, 1, 2, 0, 2, 0, 1, 2, 1, 1, 0, 1, 1, 0, 1, 2, 2, 0, 1, 1, 2, 3, 1, 2, 3, 1, 2, 3, 2, 0, 3, 1, 2, 3, 3, 0, 2, 3, 0, 2, 0, 1, 2, 3, 0, 2]
Execution Time (s): 68.35725736618042

Instance: myciel6.col
Size: 95
True χ: 7
Predicted χ (GNN): 7
Predicted Colors: [0, 1, 0, 1, 2, 2, 1, 3, 1, 2, 0, 2, 4, 3, 3, 2, 2, 6, 3, 3, 2, 4, 0, 5, 1, 3, 1, 4, 5, 1, 3, 1, 5, 4, 3, 4, 3, 3, 4, 3, 5, 3, 3, 5, 4, 1, 0, 2, 1, 3, 1, 2, 2, 1, 3, 1, 2, 4, 2, 4, 3, 3, 2, 2, 2, 3, 3, 2, 4, 1, 2, 1, 3, 1, 2, 2, 1, 3, 1, 2, 4, 2, 1, 3, 1, 2, 2, 1, 3, 1, 2, 4, 1, 2, 0]
Execution Time (s): 80.75095796585083

Instance: queen8_12.col
Size: 96
True χ: 12
Predicted χ (GNN): 9
Predicted Colors: [8, 8, 8, 8, 8, 8, 8, 8, 8, 8, 8, 8, 8, 8, 8, 8, 8, 8, 8, 8, 8, 8, 8, 8, 8, 8, 8, 8, 8, 8, 8, 8, 8, 8, 8, 8, 8, 8, 8, 8, 8, 8, 8, 8, 8, 8, 8, 8, 8, 8, 8, 8, 8, 8, 8, 8, 8, 8, 8, 8, 8, 8, 8, 8, 8, 8, 8, 8, 8, 8, 8, 8, 8, 8, 8, 8, 8, 8, 8, 8, 8, 8, 8, 8, 8, 8, 8, 8, 8, 8, 8, 8, 8, 8, 8, 8]
Execution Time (s): 110.82730293273926

Instance: games120.col
Size: 120
True χ: 9
Predicted χ (GNN): 9
Predicted Colors: [4, 3, 1, 1, 6, 0, 0, 7, 3, 1, 6, 3, 2, 3, 0, 2, 2, 1, 0, 0, 7, 8, 1, 5, 3, 3, 4, 4, 2, 0, 0, 0, 1, 0, 6, 4, 3, 0, 5, 7, 1, 6, 5, 0, 3, 0, 6, 5, 0, 4, 2, 1, 4, 4, 5, 1, 5, 1, 2, 4, 3, 3, 5, 5, 1, 1, 5, 0, 5, 4, 3, 5, 5, 5, 6, 2, 1, 5, 1, 5, 6, 2, 8, 0, 2, 6, 7, 2, 1, 7, 3, 2, 2, 1, 5, 7, 2, 2, 6, 0, 4, 7, 4, 1, 2, 3, 2, 4, 6, 5, 1, 6, 3, 1, 3, 2, 4, 4, 4, 2]
Execution Time (s): 102.34200954437256

Instance: queen11_11.col
Size: 121
True χ: 11
Predicted χ (GNN): 9
Predicted Colors: [8, 8, 8, 8, 8, 8, 8, 8, 8, 8, 8, 8, 8, 8, 8, 8, 8, 8, 8, 8, 8, 8, 8, 8, 8, 8, 8, 8, 8, 8, 8, 8, 8, 8, 8, 8, 8, 8, 8, 8, 8, 8, 8, 8, 8, 8, 8, 8, 8, 8, 8, 8, 8, 8, 8, 8, 8, 8, 8, 8, 8, 8, 8, 8, 8, 8, 8, 8, 8, 8, 8, 8, 8, 8, 8, 8, 8, 8, 8, 8, 8, 8, 8, 8, 8, 8, 8, 8, 8, 8, 8, 8, 8, 8, 8, 8, 8, 8, 8, 8, 8, 8, 8, 8, 8, 8, 8, 8, 8, 8, 8, 8, 8, 8, 8, 8, 8, 8, 8, 8, 8]
Execution Time (s): 162.4808006286621

Instance: anna.col
Size: 138
True χ: 11
Predicted χ (GNN): 10
Predicted Colors: [3, 3, 3, 3, 4, 3, 3, 3, 3, 4, 3, 4, 3, 3, 3, 3, 3, 3, 3, 3, 3, 4, 3, 4, 4, 3, 3, 4, 3, 3, 3, 4, 4, 4, 3, 4, 4, 4, 3, 3, 3, 4, 4, 3, 3, 3, 4, 4, 4, 3, 4, 4, 3, 4, 3, 4, 4, 3, 3, 3, 4, 3, 3, 4, 4, 9, 4, 3, 3, 4, 9, 4, 4, 3, 3, 4, 4, 3, 4, 3, 3, 4, 3, 4, 3, 3, 3, 3, 3, 3, 3, 3, 4, 4, 4, 3, 4, 4, 3, 4, 4, 4, 3, 4, 3, 4, 3, 4, 4, 4, 4, 4, 3, 3, 4, 4, 3, 3, 3, 4, 4, 4, 3, 4, 9, 3, 3, 4, 9, 3, 4, 3, 4, 3, 3, 3, 4, 3]
Execution Time (s): 101.50484919548035

Instance: 2-Insertions_4.col
Size: 149
True χ: 4
Predicted χ (GNN): 2
Predicted Colors: [1, 1, 1, 1, 1, 1, 1, 1, 1, 1, 1, 1, 1, 1, 1, 1, 1, 1, 1, 1, 1, 1, 1, 1, 1, 1, 1, 1, 1, 1, 1, 1, 1, 1, 1, 1, 1, 1, 1, 1, 1, 1, 1, 1, 1, 1, 1, 1, 1, 1, 1, 1, 1, 1, 1, 1, 1, 1, 1, 1, 1, 1, 1, 1, 1, 1, 1, 1, 1, 1, 1, 1, 1, 1, 1, 1, 1, 1, 1, 1, 1, 1, 1, 1, 1, 1, 1, 1, 1, 1, 1, 1, 1, 1, 1, 1, 1, 1, 1, 1, 1, 1, 1, 1, 1, 1, 1, 1, 1, 1, 1, 1, 1, 1, 1, 1, 1, 1, 1, 1, 1, 1, 1, 1, 1, 1, 1, 1, 1, 1, 1, 1, 1, 1, 1, 1, 1, 1, 1, 1, 1, 1, 1, 1, 1, 1, 1, 1, 1]
Execution Time (s): 82.16311049461365

Instance: queen13_13.col
Size: 169
True χ: 13
Predicted χ (GNN): 5
Predicted Colors: [4, 4, 4, 4, 4, 4, 4, 4, 4, 4, 4, 4, 4, 4, 4, 4, 4, 4, 4, 4, 4, 4, 4, 4, 4, 4, 4, 4, 4, 4, 4, 4, 4, 4, 4, 4, 4, 4, 4, 4, 4, 4, 4, 4, 4, 4, 4, 4, 4, 4, 4, 4, 4, 4, 4, 4, 4, 4, 4, 4, 4, 4, 4, 4, 4, 4, 4, 4, 4, 4, 4, 4, 4, 4, 4, 4, 4, 4, 4, 4, 4, 4, 4, 4, 4, 4, 4, 4, 4, 4, 4, 4, 4, 4, 4, 4, 4, 4, 4, 4, 4, 4, 4, 4, 4, 4, 4, 4, 4, 4, 4, 4, 4, 4, 4, 4, 4, 4, 4, 4, 4, 4, 4, 4, 4, 4, 4, 4, 4, 4, 4, 4, 4, 4, 4, 4, 4, 4, 4, 4, 4, 4, 4, 4, 4, 4, 4, 4, 4, 4, 4, 4, 4, 4, 4, 4, 4, 4, 4, 4, 4, 4, 4, 4, 4, 4, 4, 4, 4]
Execution Time (s): 199.19838523864746

Instance: myciel7.col
Size: 191
True χ: 8
Predicted χ (GNN): 1
Predicted Colors: [0, 0, 0, 0, 0, 0, 0, 0, 0, 0, 0, 0, 0, 0, 0, 0, 0, 0, 0, 0, 0, 0, 0, 0, 0, 0, 0, 0, 0, 0, 0, 0, 0, 0, 0, 0, 0, 0, 0, 0, 0, 0, 0, 0, 0, 0, 0, 0, 0, 0, 0, 0, 0, 0, 0, 0, 0, 0, 0, 0, 0, 0, 0, 0, 0, 0, 0, 0, 0, 0, 0, 0, 0, 0, 0, 0, 0, 0, 0, 0, 0, 0, 0, 0, 0, 0, 0, 0, 0, 0, 0, 0, 0, 0, 0, 0, 0, 0, 0, 0, 0, 0, 0, 0, 0, 0, 0, 0, 0, 0, 0, 0, 0, 0, 0, 0, 0, 0, 0, 0, 0, 0, 0, 0, 0, 0, 0, 0, 0, 0, 0, 0, 0, 0, 0, 0, 0, 0, 0, 0, 0, 0, 0, 0, 0, 0, 0, 0, 0, 0, 0, 0, 0, 0, 0, 0, 0, 0, 0, 0, 0, 0, 0, 0, 0, 0, 0, 0, 0, 0, 0, 0, 0, 0, 0, 0, 0, 0, 0, 0, 0, 0, 0, 0, 0, 0, 0, 0, 0, 0, 0]
Execution Time (s): 152.92534947395325

Instance: homer.col
Size: 561
True χ: 13
Predicted χ (GNN): 9
Predicted Colors: [4, 4, 4, 4, 4, 4, 4, 4, 4, 4, 4, 4, 4, 4, 4, 8, 4, 4, 4, 4, 4, 4, 4, 4, 4, 4, 4, 4, 4, 4, 4, 4, 4, 4, 4, 4, 4, 4, 4, 4, 4, 4, 4, 4, 4, 4, 4, 4, 4, 4, 4, 4, 4, 4, 4, 4, 4, 4, 4, 4, 4, 4, 4, 4, 4, 4, 4, 4, 4, 4, 4, 4, 4, 4, 4, 4, 4, 4, 4, 4, 4, 4, 4, 4, 4, 4, 4, 4, 4, 4, 4, 4, 4, 4, 4, 4, 4, 4, 4, 4, 4, 4, 4, 4, 4, 4, 4, 4, 4, 4, 4, 4, 4, 4, 4, 4, 4, 4, 4, 4, 4, 4, 4, 4, 4, 4, 4, 4, 4, 4, 4, 4, 4, 4, 4, 4, 4, 4, 4, 4, 4, 4, 4, 4, 4, 4, 4, 4, 4, 4, 4, 4, 4, 4, 4, 4, 4, 4, 4, 4, 4, 4, 4, 4, 4, 4, 4, 4, 4, 4, 4, 4, 4, 4, 4, 4, 4, 4, 4, 4, 4, 4, 4, 4, 4, 4, 4, 4, 4, 4, 4, 4, 4, 4, 4, 4, 4, 4, 4, 4, 4, 4, 4, 4, 4, 4, 4, 4, 4, 4, 4, 4, 4, 4, 4, 4, 4, 4, 4, 4, 4, 4, 4, 4, 4, 4, 4, 4, 4, 4, 4, 4, 4, 4, 4, 4, 4, 4, 4, 4, 4, 4, 4, 4, 4, 4, 4, 4, 4, 4, 4, 4, 4, 4, 4, 4, 4, 4, 4, 4, 4, 4, 4, 4, 4, 4, 4, 4, 4, 4, 4, 4, 4, 4, 4, 4, 4, 4, 4, 4, 4, 4, 4, 4, 4, 4, 4, 4, 4, 4, 4, 4, 4, 4, 4, 4, 4, 4, 4, 4, 4, 4, 4, 4, 4, 4, 4, 4, 4, 4, 4, 4, 4, 4, 4, 4, 4, 4, 4, 4, 4, 4, 4, 4, 4, 4, 4, 4, 4, 4, 4, 4, 4, 4, 4, 4, 4, 4, 4, 4, 4, 4, 4, 4, 4, 4, 4, 4, 4, 4, 4, 4, 4, 4, 4, 4, 4, 4, 4, 4, 4, 4, 4, 4, 4, 4, 4, 4, 4, 4, 4, 4, 4, 4, 4, 4, 4, 4, 4, 4, 4, 4, 4, 4, 4, 4, 4, 4, 4, 4, 4, 4, 4, 4, 4, 4, 4, 4, 4, 4, 4, 4, 4, 4, 4, 4, 4, 4, 4, 4, 4, 4, 4, 4, 4, 4, 4, 4, 4, 4, 4, 4, 4, 4, 4, 4, 4, 4, 4, 4, 4, 4, 4, 4, 4, 4, 4, 4, 4, 4, 4, 4, 4, 4, 4, 4, 4, 4, 4, 4, 4, 4, 4, 4, 4, 4, 4, 4, 4, 4, 4, 4, 4, 4, 4, 4, 4, 4, 4, 4, 4, 4, 4, 4, 4, 4, 4, 4, 4, 4, 4, 4, 4, 4, 4, 4, 4, 4, 4, 4, 4, 4, 4, 4, 4, 4, 4, 4, 4, 4, 4, 4, 4, 4, 4, 4, 4, 4, 4, 4, 4, 4, 4, 4, 4, 4, 4, 4, 4, 4, 4, 4, 4, 4, 4, 4, 4, 4, 4, 4, 4, 4, 4, 4, 4, 4, 4, 4, 4, 4, 4, 4, 4, 4, 4, 4, 4, 4, 4, 4, 4, 4, 4, 4, 4, 4, 4, 4, 4, 4, 4]
Execution Time (s): 154.12494349479675

