Table 1: Results for Color02/03/04 instances:
Instance: queen5_5.col
Size: 25
True χ: 5
Predicted χ (GNN): 2
Predicted Colors: [1, 1, 1, 1, 1, 1, 1, 1, 1, 1, 1, 1, 1, 1, 1, 1, 1, 1, 1, 1, 1, 1, 1, 1, 1]
Execution Time (s): 30.179802656173706

Instance: queen6_6.col
Size: 36
True χ: 7
Predicted χ (GNN): 2
Predicted Colors: [1, 1, 1, 1, 1, 1, 1, 1, 1, 1, 1, 1, 1, 1, 1, 1, 1, 1, 1, 1, 1, 1, 1, 1, 1, 1, 1, 1, 1, 1, 1, 1, 1, 1, 1, 1]
Execution Time (s): 38.49414086341858

Instance: myciel5.col
Size: 47
True χ: 6
Predicted χ (GNN): 6
Predicted Colors: [0, 1, 0, 1, 2, 2, 1, 3, 1, 2, 0, 2, 4, 3, 3, 2, 2, 5, 3, 3, 2, 4, 0, 2, 1, 3, 1, 2, 2, 1, 3, 1, 2, 4, 2, 1, 3, 1, 2, 2, 1, 3, 1, 2, 4, 1, 0]
Execution Time (s): 39.09417414665222

Instance: queen7_7.col
Size: 49
True χ: 7
Predicted χ (GNN): 1
Predicted Colors: [0, 0, 0, 0, 0, 0, 0, 0, 0, 0, 0, 0, 0, 0, 0, 0, 0, 0, 0, 0, 0, 0, 0, 0, 0, 0, 0, 0, 0, 0, 0, 0, 0, 0, 0, 0, 0, 0, 0, 0, 0, 0, 0, 0, 0, 0, 0, 0, 0]
Execution Time (s): 50.46718096733093

Instance: queen8_8.col
Size: 64
True χ: 9
Predicted χ (GNN): 6
Predicted Colors: [1, 1, 1, 1, 1, 5, 1, 1, 5, 1, 1, 1, 3, 1, 3, 1, 5, 1, 1, 1, 1, 3, 1, 1, 1, 1, 1, 1, 1, 1, 1, 1, 5, 1, 1, 1, 1, 1, 1, 1, 5, 1, 5, 1, 5, 1, 1, 1, 1, 1, 1, 1, 1, 1, 1, 1, 5, 1, 5, 1, 5, 1, 1, 1]
Execution Time (s): 57.15744161605835

Instance: 1-Insertions_4.col
Size: 67
True χ: 4
Predicted χ (GNN): 3
Predicted Colors: [2, 2, 1, 2, 2, 1, 1, 2, 1, 0, 2, 2, 1, 1, 1, 2, 1, 2, 1, 0, 1, 1, 1, 2, 1, 2, 2, 0, 1, 2, 1, 0, 1, 2, 1, 1, 1, 0, 1, 2, 1, 0, 1, 1, 2, 2, 1, 1, 2, 2, 1, 2, 1, 1, 1, 2, 2, 1, 2, 2, 1, 2, 2, 2, 1, 1, 2]
Execution Time (s): 35.60611176490784

Instance: huck.col
Size: 74
True χ: 11
Predicted χ (GNN): 8
Predicted Colors: [2, 7, 2, 7, 7, 2, 6, 2, 2, 2, 7, 7, 7, 2, 2, 0, 2, 2, 0, 2, 2, 2, 2, 2, 7, 2, 0, 2, 7, 2, 2, 7, 2, 2, 1, 0, 2, 2, 2, 7, 7, 2, 7, 2, 7, 7, 7, 1, 2, 7, 7, 2, 2, 0, 2, 0, 7, 1, 7, 0, 2, 7, 2, 2, 0, 2, 7, 0, 2, 6, 7, 2, 7, 7]
Execution Time (s): 37.09860062599182

Instance: jean.col
Size: 80
True χ: 10
Predicted χ (GNN): 10
Predicted Colors: [0, 2, 1, 2, 3, 4, 5, 0, 3, 2, 0, 0, 0, 1, 2, 0, 6, 0, 6, 4, 1, 0, 0, 5, 0, 6, 2, 4, 3, 1, 0, 0, 0, 5, 0, 0, 9, 5, 3, 0, 2, 1, 4, 1, 3, 7, 1, 9, 0, 0, 1, 0, 6, 1, 3, 7, 1, 2, 1, 1, 2, 3, 0, 4, 1, 8, 4, 1, 1, 7, 0, 3, 0, 3, 2, 7, 0]
Execution Time (s): 47.11080861091614

Instance: queen9_9.col
Size: 81
True χ: 10
Predicted χ (GNN): 8
Predicted Colors: [7, 7, 7, 7, 7, 7, 0, 7, 7, 7, 7, 7, 7, 7, 7, 7, 7, 7, 7, 7, 7, 7, 7, 7, 7, 7, 0, 7, 7, 7, 7, 7, 7, 7, 7, 7, 7, 7, 7, 7, 7, 7, 0, 7, 0, 7, 7, 7, 7, 7, 7, 0, 0, 0, 7, 7, 7, 7, 7, 7, 0, 7, 0, 7, 7, 7, 7, 7, 7, 0, 7, 0, 7, 7, 7, 7, 0, 7, 0, 7, 0]
Execution Time (s): 75.14871621131897

Instance: david.col
Size: 87
True χ: 11
Predicted χ (GNN): 9
Predicted Colors: [8, 8, 8, 8, 8, 5, 8, 8, 8, 8, 8, 8, 4, 8, 2, 8, 8, 8, 8, 8, 8, 8, 8, 8, 8, 8, 4, 8, 8, 3, 8, 8, 8, 8, 8, 8, 8, 5, 8, 8, 8, 4, 4, 8, 8, 8, 5, 3, 8, 8, 8, 8, 4, 8, 8, 8, 6, 8, 8, 4, 2, 6, 8, 5, 3, 8, 8, 8, 8, 8, 8, 8, 8, 8, 8, 8, 8, 8, 8, 8, 4, 6, 8, 8, 4, 8, 8]
Execution Time (s): 59.9256854057312

Instance: mug88_1.col
Size: 88
True χ: 4
Predicted χ (GNN): 3
Predicted Colors: [2, 2, 0, 2, 0, 2, 2, 0, 1, 1, 0, 2, 0, 2, 2, 2, 1, 1, 1, 2, 0, 0, 0, 0, 0, 0, 0, 0, 1, 1, 1, 0, 1, 1, 0, 0, 1, 2, 0, 0, 0, 2, 2, 0, 0, 0, 2, 2, 1, 2, 1, 1, 2, 0, 0, 2, 0, 1, 2, 0, 0, 1, 1, 0, 2, 1, 1, 2, 2, 2, 0, 0, 0, 1, 0, 1, 0, 2, 2, 1, 2, 2, 0, 0, 0, 1, 0, 0]
Execution Time (s): 43.20835208892822

Instance: myciel6.col
Size: 95
True χ: 7
Predicted χ (GNN): 7
Predicted Colors: [6, 6, 0, 6, 6, 0, 6, 0, 6, 6, 6, 6, 0, 6, 6, 6, 6, 6, 6, 6, 6, 6, 6, 6, 6, 6, 6, 6, 6, 6, 6, 6, 6, 6, 6, 0, 6, 6, 6, 6, 6, 6, 6, 6, 6, 6, 6, 6, 6, 6, 6, 6, 6, 6, 6, 6, 6, 6, 6, 6, 6, 6, 6, 6, 6, 6, 6, 6, 6, 6, 6, 6, 6, 6, 6, 6, 6, 6, 6, 6, 6, 6, 6, 6, 6, 6, 6, 6, 6, 6, 6, 6, 6, 6, 6]
Execution Time (s): 40.53576469421387

Instance: queen8_12.col
Size: 96
True χ: 12
Predicted χ (GNN): 11
Predicted Colors: [10, 10, 3, 3, 3, 3, 3, 3, 3, 3, 3, 3, 3, 3, 3, 3, 3, 3, 3, 3, 3, 3, 3, 3, 3, 3, 3, 3, 3, 3, 3, 3, 3, 3, 3, 3, 3, 3, 3, 3, 3, 3, 3, 3, 3, 3, 3, 3, 3, 3, 3, 3, 3, 3, 3, 3, 3, 3, 3, 3, 3, 3, 3, 3, 3, 3, 3, 3, 3, 3, 3, 3, 3, 3, 3, 3, 3, 3, 3, 3, 3, 3, 3, 3, 10, 3, 3, 3, 3, 3, 3, 3, 3, 3, 3, 3]
Execution Time (s): 84.03898668289185

Instance: games120.col
Size: 120
True χ: 9
Predicted χ (GNN): 9
Predicted Colors: [4, 3, 1, 1, 6, 0, 0, 7, 3, 1, 6, 3, 2, 3, 0, 2, 2, 1, 0, 0, 7, 8, 1, 5, 3, 3, 4, 4, 2, 0, 0, 0, 1, 0, 6, 4, 3, 0, 5, 7, 1, 6, 5, 0, 3, 0, 6, 5, 0, 4, 2, 1, 4, 4, 5, 1, 5, 1, 2, 4, 3, 3, 5, 5, 1, 1, 5, 0, 5, 4, 3, 5, 5, 5, 6, 2, 1, 5, 1, 5, 6, 2, 8, 0, 2, 6, 7, 2, 1, 7, 3, 2, 2, 1, 5, 7, 2, 2, 6, 0, 4, 7, 4, 1, 2, 3, 2, 4, 6, 5, 1, 6, 3, 1, 3, 2, 4, 4, 4, 2]
Execution Time (s): 67.6768090724945

Instance: queen11_11.col
Size: 121
True χ: 11
Predicted χ (GNN): 4
Predicted Colors: [3, 2, 3, 3, 2, 3, 3, 3, 3, 3, 2, 3, 2, 3, 2, 2, 3, 2, 2, 2, 2, 2, 3, 2, 3, 3, 2, 3, 3, 3, 2, 2, 2, 3, 2, 3, 3, 2, 3, 3, 2, 2, 2, 2, 3, 2, 2, 3, 2, 3, 2, 2, 2, 2, 2, 3, 2, 3, 3, 2, 3, 2, 2, 3, 2, 3, 3, 3, 3, 3, 2, 3, 3, 2, 2, 3, 2, 3, 2, 3, 2, 2, 3, 2, 2, 2, 2, 2, 3, 3, 3, 3, 3, 3, 3, 3, 3, 3, 3, 3, 2, 2, 3, 2, 3, 3, 2, 2, 2, 2, 0, 2, 3, 3, 2, 3, 2, 2, 2, 2, 2]
Execution Time (s): 109.4372935295105

Instance: anna.col
Size: 138
True χ: 11
Predicted χ (GNN): 10
Predicted Colors: [5, 0, 5, 0, 1, 5, 5, 5, 5, 0, 5, 7, 5, 5, 9, 5, 5, 8, 5, 5, 5, 0, 9, 2, 0, 0, 5, 5, 5, 5, 9, 0, 0, 0, 8, 2, 0, 7, 9, 0, 9, 0, 8, 5, 0, 5, 2, 8, 0, 8, 2, 0, 5, 0, 0, 0, 0, 5, 5, 5, 7, 0, 8, 8, 0, 9, 0, 5, 5, 0, 0, 2, 0, 5, 5, 2, 0, 5, 5, 9, 5, 2, 5, 2, 5, 5, 9, 9, 5, 8, 5, 5, 0, 0, 2, 8, 2, 0, 0, 0, 0, 2, 5, 7, 5, 0, 9, 5, 2, 0, 7, 0, 5, 5, 0, 2, 5, 5, 5, 0, 0, 8, 0, 8, 3, 5, 9, 7, 5, 5, 0, 5, 2, 5, 5, 0, 2, 5]
Execution Time (s): 49.502992391586304

Instance: 2-Insertions_4.col
Size: 149
True χ: 4
Predicted χ (GNN): 4
Predicted Colors: [0, 1, 0, 1, 0, 1, 0, 1, 2, 0, 1, 0, 1, 0, 1, 0, 1, 2, 0, 1, 0, 1, 0, 1, 0, 1, 2, 2, 1, 2, 1, 2, 1, 3, 1, 2, 0, 0, 1, 0, 1, 0, 1, 0, 1, 2, 0, 1, 0, 1, 0, 1, 0, 1, 2, 0, 1, 0, 1, 0, 1, 0, 1, 2, 2, 1, 2, 1, 2, 1, 3, 1, 2, 0, 0, 1, 0, 1, 0, 1, 0, 1, 2, 0, 1, 0, 1, 0, 1, 0, 1, 2, 0, 1, 0, 1, 0, 1, 0, 1, 2, 2, 2, 2, 2, 2, 2, 3, 3, 2, 0, 2, 1, 2, 1, 2, 1, 3, 1, 2, 2, 1, 2, 1, 2, 1, 3, 1, 2, 3, 1, 3, 1, 4, 1, 3, 1, 2, 2, 1, 2, 1, 2, 1, 3, 1, 2, 1, 0]
Execution Time (s): 55.96056604385376

Instance: queen13_13.col
Size: 169
True χ: 13
Predicted χ (GNN): 1
Predicted Colors: [0, 0, 0, 0, 0, 0, 0, 0, 0, 0, 0, 0, 0, 0, 0, 0, 0, 0, 0, 0, 0, 0, 0, 0, 0, 0, 0, 0, 0, 0, 0, 0, 0, 0, 0, 0, 0, 0, 0, 0, 0, 0, 0, 0, 0, 0, 0, 0, 0, 0, 0, 0, 0, 0, 0, 0, 0, 0, 0, 0, 0, 0, 0, 0]
Execution Time (s): 140.31530809402466

Instance: myciel7.col
Size: 191
True χ: 8
Predicted χ (GNN): 8
Predicted Colors: [0, 1, 0, 1, 2, 2, 1, 3, 1, 2, 0, 3, 4, 3, 3, 4, 3, 6, 3, 3, 5, 4, 0, 5, 1, 3, 1, 4, 5, 1, 3, 1, 5, 4, 3, 4, 3, 3, 4, 3, 5, 3, 3, 5, 4, 1, 0, 2, 4, 3, 6, 2, 2, 6, 3, 6, 2, 4, 2, 4, 3, 3, 2, 2, 6, 3, 3, 2, 4, 2, 5, 4, 3, 6, 4, 5, 5, 3, 5, 5, 4, 3, 4, 3, 3, 4, 3, 5, 3, 3, 5, 4, 7, 2, 0, 2, 1, 3, 1, 2, 2, 1, 3, 1, 2, 4, 3, 4, 3, 3, 4, 3, 6, 3, 3, 5, 4, 1, 5, 1, 3, 1, 4, 5, 1, 3, 1, 5, 4, 3, 1, 3, 1, 4, 3, 1, 3, 1, 5, 4, 1, 2, 2, 1, 3, 1, 2, 2, 1, 3, 1, 2, 4, 2, 4, 3, 3, 2, 2, 2, 3, 3, 2, 4, 1, 2, 1, 3, 1, 2, 2, 1, 3, 1, 2, 4, 2, 1, 3, 1, 2, 2, 1, 3, 1, 2, 4, 1, 2, 1, 0]
Execution Time (s): 74.20753169059753

Instance: homer.col
Size: 561
True χ: 13
Predicted χ (GNN): 13
Predicted Colors: [3, 4, 0, 0, 0, 0, 0, 1, 0, 3, 4, 0, 0, 0, 2, 1, 2, 0, 0, 0, 0, 0, 0, 1, 0, 0, 1, 1, 1, 1, 1, 4, 0, 7, 2, 1, 0, 1, 0, 5, 0, 4, 0, 10, 0, 6, 0, 0, 0, 2, 1, 1, 8, 0, 0, 0, 2, 1, 0, 2, 4, 2, 0, 3, 0, 3, 2, 2, 6, 0, 0, 3, 0, 2, 0, 6, 1, 1, 0, 0, 0, 1, 5, 1, 1, 7, 0, 2, 0, 0, 0, 0, 0, 4, 2, 1, 1, 0, 1, 0, 0, 0, 0, 0, 0, 0, 2, 0, 0, 0, 0, 0, 7, 1, 5, 0, 6, 0, 0, 0, 6, 0, 0, 0, 0, 0, 0, 0, 0, 0, 0, 0, 10, 0, 7, 0, 1, 1, 1, 1, 1, 0, 0, 2, 10, 1, 1, 3, 0, 1, 0, 8, 7, 0, 0, 1, 5, 4, 3, 1, 1, 4, 6, 0, 0, 2, 1, 2, 9, 1, 0, 1, 1, 1, 2, 5, 1, 0, 1, 1, 4, 1, 1, 2, 1, 2, 9, 0, 0, 3, 0, 2, 0, 0, 1, 0, 1, 0, 0, 3, 3, 5, 0, 0, 4, 1, 3, 0, 1, 1, 0, 0, 1, 0, 0, 3, 3, 0, 0, 3, 0, 0, 0, 0, 3, 0, 0, 0, 1, 0, 0, 2, 0, 0, 0, 0, 3, 0, 0, 0, 1, 0, 3, 4, 0, 1, 0, 1, 0, 2, 0, 0, 0, 0, 0, 5, 2, 1, 3, 0, 2, 0, 0, 2, 1, 0, 0, 0, 1, 0, 2, 0, 0, 5, 0, 0, 2, 1, 0, 0, 0, 2, 1, 0, 0, 0, 0, 0, 4, 0, 0, 1, 0, 1, 0, 0, 0, 0, 0, 1, 0, 0, 0, 2, 1, 0, 1, 1, 1, 2, 10, 1, 0, 4, 0, 0, 2, 0, 0, 1, 0, 0, 1, 0, 0, 0, 2, 1, 2, 0, 0, 9, 6, 0, 0, 1, 1, 0, 1, 0, 3, 4, 0, 2, 6, 7, 1, 1, 0, 11, 1, 0, 5, 4, 1, 1, 0, 1, 2, 2, 0, 2, 0, 4, 9, 7, 2, 1, 1, 0, 1, 0, 0, 0, 3, 0, 7, 12, 0, 0, 2, 2, 1, 6, 0, 2, 1, 6, 2, 0, 1, 0, 2, 4, 0, 9, 1, 1, 0, 0, 1, 0, 1, 5, 0, 7, 1, 0, 1, 0, 4, 5, 0, 1, 1, 0, 0, 2, 1, 2, 8, 3, 2, 1, 0, 0, 0, 2, 1, 0, 0, 0, 0, 0, 0, 0, 1, 0, 2, 1, 3, 0, 2, 0, 0, 0, 1, 0, 1, 0, 0, 1, 2, 0, 0, 0, 0, 3, 0, 0, 1, 0, 0, 2, 1, 0, 2, 1, 0, 0, 0, 1, 1, 1, 5, 4, 0, 1, 2, 0, 8, 0, 0, 1, 2, 0, 1, 7, 1, 0, 1, 0, 6, 7, 0, 1, 2, 5, 1, 0, 0, 0, 0, 3, 0, 8, 3, 0, 0, 0, 0, 0, 2, 1, 1, 0, 1, 0, 1, 0, 6, 1, 5, 0, 1, 1, 1, 1, 1, 1, 0, 0, 1, 0, 0, 3, 6, 0, 1, 8, 0, 0, 3, 4, 0, 1, 0, 1, 4, 8, 1, 1, 4, 0, 8, 0]
Execution Time (s): 119.89606308937073

