Table 1: Results for Color02/03/04 instances:
Instance: queen5_5.col
Size: 25
True χ: 5
Predicted χ (GNN): 3
Predicted Colors: [2, 2, 2, 2, 2, 2, 2, 2, 2, 2, 2, 2, 2, 2, 2, 2, 2, 2, 2, 2, 2, 2, 2, 2, 2]
Execution Time (s): 59.20141124725342

Instance: queen6_6.col
Size: 36
True χ: 7
Predicted χ (GNN): 3
Predicted Colors: [2, 2, 2, 2, 2, 2, 2, 2, 2, 2, 2, 2, 2, 2, 2, 2, 2, 2, 2, 2, 2, 2, 2, 2, 2, 2, 2, 2, 2, 2, 2, 2, 2, 2, 2, 2]
Execution Time (s): 86.26142644882202

Instance: myciel5.col
Size: 47
True χ: 6
Predicted χ (GNN): 2
Predicted Colors: [1, 1, 1, 1, 1, 1, 1, 1, 1, 1, 1, 1, 1, 1, 1, 1, 1, 1, 1, 1, 1, 1, 1, 1, 1, 1, 1, 1, 1, 1, 1, 1, 1, 1, 1, 1, 1, 1, 1, 1, 1, 1, 1, 1, 1, 1, 1]
Execution Time (s): 77.26985430717468

Instance: queen7_7.col
Size: 49
True χ: 7
Predicted χ (GNN): 7
Predicted Colors: [5, 6, 7, 1, 8, 9, 10, 1, 3, 0, 4, 5, 2, 8, 6, 4, 1, 2, 3, 0, 7, 7, 2, 3, 0, 1, 5, 4, 9, 0, 4, 5, 2, 3, 1, 8, 1, 2, 3, 0, 4, 5, 11, 7, 8, 9, 10, 12, 6]
Execution Time (s): 82.87870955467224

Instance: queen8_8.col
Size: 64
True χ: 9
Predicted χ (GNN): 3
Predicted Colors: [2, 2, 2, 2, 2, 2, 2, 2, 2, 2, 2, 2, 2, 2, 2, 2, 2, 2, 2, 2, 2, 2, 2, 2, 2, 2, 2, 2, 2, 2, 2, 2, 2, 2, 2, 2, 2, 2, 2, 2, 2, 2, 2, 2, 2, 2, 2, 2, 2, 2, 2, 2, 2, 2, 2, 2, 2, 2, 2, 2, 2, 2, 2, 2]
Execution Time (s): 109.02293419837952

Instance: 1-Insertions_4.col
Size: 67
True χ: 4
Predicted χ (GNN): 4
Predicted Colors: [0, 1, 0, 1, 0, 1, 2, 0, 1, 0, 1, 0, 1, 2, 2, 1, 2, 1, 3, 1, 2, 0, 0, 1, 0, 1, 0, 1, 2, 0, 1, 0, 1, 0, 1, 2, 2, 2, 2, 2, 3, 3, 2, 0, 2, 1, 2, 1, 3, 1, 2, 3, 1, 4, 1, 3, 1, 2, 2, 1, 2, 1, 3, 1, 2, 1, 0]
Execution Time (s): 95.16259384155273

Instance: huck.col
Size: 74
True χ: 11
Predicted χ (GNN): 10
Predicted Colors: [9, 1, 9, 1, 9, 3, 0, 9, 9, 9, 9, 1, 9, 9, 1, 1, 3, 9, 1, 3, 3, 9, 3, 9, 9, 1, 1, 0, 9, 3, 9, 1, 9, 3, 3, 1, 9, 9, 3, 9, 1, 9, 1, 9, 1, 1, 1, 3, 9, 9, 1, 9, 9, 9, 1, 1, 1, 3, 9, 1, 9, 1, 9, 3, 1, 9, 1, 1, 9, 0, 1, 9, 1, 1]
Execution Time (s): 77.62369656562805

Instance: jean.col
Size: 80
True χ: 10
Predicted χ (GNN): 10
Predicted Colors: [0, 2, 1, 2, 3, 4, 5, 0, 3, 2, 0, 0, 0, 1, 2, 0, 6, 0, 6, 4, 1, 0, 0, 5, 0, 6, 2, 4, 3, 1, 0, 0, 0, 5, 0, 0, 9, 5, 3, 0, 2, 1, 4, 1, 3, 7, 1, 9, 0, 0, 1, 0, 6, 1, 3, 7, 1, 2, 1, 1, 2, 3, 0, 4, 1, 8, 4, 1, 1, 7, 0, 3, 0, 3, 2, 7, 0]
Execution Time (s): 101.75543332099915

Instance: queen9_9.col
Size: 81
True χ: 10
Predicted χ (GNN): 4
Predicted Colors: [3, 3, 3, 3, 3, 3, 3, 3, 3, 3, 3, 3, 3, 3, 3, 3, 3, 3, 3, 3, 3, 3, 3, 3, 3, 3, 3, 3, 3, 3, 3, 3, 3, 3, 3, 3, 3, 3, 3, 3, 3, 3, 3, 3, 3, 3, 3, 3, 3, 3, 3, 3, 3, 3, 3, 3, 3, 3, 3, 3, 3, 3, 3, 3, 3, 3, 3, 3, 3, 3, 3, 3, 3, 3, 3, 3, 3, 3, 3, 3, 3]
Execution Time (s): 171.40913343429565

Instance: david.col
Size: 87
True χ: 11
Predicted χ (GNN): 7
Predicted Colors: [1, 1, 6, 1, 1, 1, 6, 6, 1, 1, 1, 1, 1, 1, 6, 1, 6, 6, 1, 1, 1, 1, 6, 1, 6, 1, 1, 1, 6, 1, 1, 1, 6, 1, 6, 1, 6, 6, 1, 1, 1, 1, 1, 1, 6, 1, 1, 6, 6, 6, 1, 1, 1, 1, 1, 1, 1, 6, 6, 1, 6, 1, 1, 1, 1, 1, 1, 1, 1, 1, 6, 6, 6, 1, 6, 1, 1, 1, 1, 1, 1, 1, 1, 6, 1, 1, 6]
Execution Time (s): 101.95323324203491

Instance: mug88_1.col
Size: 88
True χ: 4
Predicted χ (GNN): 2
Predicted Colors: [1, 1, 1, 1, 1, 1, 1, 1, 1, 1, 1, 1, 1, 1, 1, 1, 1, 1, 1, 1, 1, 1, 1, 1, 1, 1, 1, 1, 1, 1, 1, 1, 1, 1, 1, 1, 1, 1, 1, 1, 1, 1, 1, 1, 1, 1, 1, 1, 1, 1, 1, 1, 1, 1, 1, 1, 1, 1, 1, 1, 1, 1, 1, 1, 1, 1, 1, 1, 1, 1, 1, 1, 1, 1, 1, 1, 1, 1, 1, 1, 1, 1, 1, 1, 1, 1, 1, 1]
Execution Time (s): 93.95092177391052

Instance: myciel6.col
Size: 95
True χ: 7
Predicted χ (GNN): 4
Predicted Colors: [3, 3, 3, 3, 3, 3, 3, 3, 3, 3, 3, 3, 3, 3, 3, 3, 3, 3, 3, 3, 3, 3, 3, 3, 3, 3, 3, 3, 3, 3, 3, 3, 3, 3, 3, 3, 3, 3, 3, 3, 3, 3, 3, 3, 3, 3, 3, 3, 3, 3, 3, 3, 3, 3, 3, 3, 3, 3, 3, 3, 3, 3, 3, 3, 3, 3, 3, 3, 3, 3, 3, 3, 3, 3, 3, 3, 3, 3, 3, 3, 3, 3, 3, 3, 3, 3, 3, 3, 3, 3, 3, 3, 3, 3, 3]
Execution Time (s): 118.65138959884644

Instance: queen8_12.col
Size: 96
True χ: 12
Predicted χ (GNN): 9
Predicted Colors: [8, 8, 8, 8, 8, 8, 8, 8, 8, 8, 8, 8, 8, 8, 8, 8, 8, 8, 8, 8, 8, 8, 8, 8, 8, 8, 8, 8, 8, 8, 8, 8, 8, 8, 8, 8, 8, 8, 8, 8, 8, 8, 8, 8, 8, 8, 8, 8, 8, 8, 8, 8, 8, 8, 8, 8, 8, 8, 8, 8, 8, 8, 8, 8, 8, 8, 8, 8, 8, 8, 8, 8, 8, 8, 8, 8, 8, 8, 8, 8, 8, 8, 8, 8, 8, 8, 8, 8, 8, 8, 8, 8, 8, 8, 8, 8]
Execution Time (s): 183.49425888061523

Instance: games120.col
Size: 120
True χ: 9
Predicted χ (GNN): 9
Predicted Colors: [4, 3, 1, 1, 6, 0, 0, 7, 3, 1, 6, 3, 2, 3, 0, 2, 2, 1, 0, 0, 7, 8, 1, 5, 3, 3, 4, 4, 2, 0, 0, 0, 1, 0, 6, 4, 3, 0, 5, 7, 1, 6, 5, 0, 3, 0, 6, 5, 0, 4, 2, 1, 4, 4, 5, 1, 5, 1, 2, 4, 3, 3, 5, 5, 1, 1, 5, 0, 5, 4, 3, 5, 5, 5, 6, 2, 1, 5, 1, 5, 6, 2, 8, 0, 2, 6, 7, 2, 1, 7, 3, 2, 2, 1, 5, 7, 2, 2, 6, 0, 4, 7, 4, 1, 2, 3, 2, 4, 6, 5, 1, 6, 3, 1, 3, 2, 4, 4, 4, 2]
Execution Time (s): 127.5986077785492

Instance: queen11_11.col
Size: 121
True χ: 11
Predicted χ (GNN): 5
Predicted Colors: [4, 4, 4, 4, 4, 4, 4, 4, 4, 4, 4, 4, 4, 4, 4, 4, 4, 4, 4, 4, 4, 4, 4, 4, 4, 4, 4, 4, 4, 4, 4, 4, 4, 4, 4, 4, 4, 4, 4, 4, 4, 4, 4, 4, 4, 4, 4, 4, 4, 4, 4, 4, 4, 4, 4, 4, 4, 4, 4, 4, 4, 4, 4, 4, 4, 4, 4, 4, 4, 4, 4, 4, 4, 4, 4, 4, 4, 4, 4, 4, 4, 4, 4, 4, 4, 4, 4, 4, 4, 4, 4, 4, 4, 4, 4, 4, 4, 4, 4, 4, 4, 4, 4, 4, 4, 4, 4, 4, 4, 4, 4, 4, 4, 4, 4, 4, 4, 4, 4, 4, 4]
Execution Time (s): 230.90469694137573

Instance: anna.col
Size: 138
True χ: 11
Predicted χ (GNN): 9
Predicted Colors: [8, 1, 8, 8, 8, 8, 8, 8, 8, 8, 8, 8, 8, 8, 8, 8, 8, 8, 8, 8, 8, 1, 8, 1, 1, 8, 8, 1, 8, 8, 8, 1, 1, 1, 8, 8, 1, 1, 8, 1, 8, 1, 1, 8, 8, 8, 1, 8, 1, 8, 8, 8, 8, 1, 8, 1, 1, 8, 8, 8, 1, 1, 8, 1, 8, 8, 1, 8, 8, 1, 8, 1, 1, 8, 8, 8, 1, 8, 1, 8, 8, 1, 8, 1, 8, 8, 8, 8, 8, 8, 8, 8, 8, 1, 1, 8, 8, 8, 8, 1, 1, 1, 8, 8, 8, 1, 8, 8, 1, 1, 1, 1, 8, 8, 8, 1, 8, 8, 8, 1, 8, 1, 8, 8, 8, 8, 8, 1, 8, 8, 1, 8, 1, 8, 8, 8, 1, 8]
Execution Time (s): 111.7241599559784

Instance: 2-Insertions_4.col
Size: 149
True χ: 4
Predicted χ (GNN): 4
Predicted Colors: [0, 1, 0, 1, 0, 1, 0, 1, 2, 0, 1, 0, 1, 0, 1, 0, 1, 2, 0, 1, 0, 1, 0, 1, 0, 1, 2, 2, 1, 2, 1, 2, 1, 3, 1, 2, 0, 0, 1, 0, 1, 0, 1, 0, 1, 2, 0, 1, 0, 1, 0, 1, 0, 1, 2, 0, 1, 0, 1, 0, 1, 0, 1, 2, 2, 1, 2, 1, 2, 1, 3, 1, 2, 0, 0, 1, 0, 1, 0, 1, 0, 1, 2, 0, 1, 0, 1, 0, 1, 0, 1, 2, 0, 1, 0, 1, 0, 1, 0, 1, 2, 2, 2, 2, 2, 2, 2, 3, 3, 2, 0, 2, 1, 2, 1, 2, 1, 3, 1, 2, 2, 1, 2, 1, 2, 1, 3, 1, 2, 3, 1, 3, 1, 4, 1, 3, 1, 2, 2, 1, 2, 1, 2, 1, 3, 1, 2, 1, 0]
Execution Time (s): 116.00654530525208

Instance: queen13_13.col
Size: 169
True χ: 13
Predicted χ (GNN): 4
Predicted Colors: [3, 3, 3, 3, 3, 3, 3, 3, 3, 3, 3, 3, 3, 3, 3, 3, 3, 3, 3, 3, 3, 3, 3, 3, 3, 3, 3, 3, 3, 3, 3, 3, 3, 3, 3, 3, 3, 3, 3, 3, 3, 3, 3, 3, 3, 3, 3, 3, 3, 3, 3, 3, 3, 3, 3, 3, 3, 3, 3, 3, 3, 3, 3, 3, 3, 3, 3, 3, 3, 3, 3, 3, 3, 3, 3, 3, 3, 3, 3, 3, 3, 3, 3, 3, 3, 3, 3, 3, 3, 3, 3, 3, 3, 3, 3, 3, 3, 3, 3, 3, 3, 3, 3, 3, 3, 3, 3, 3, 3, 3, 3, 3, 3, 3, 3, 3, 3, 3, 3, 3, 3, 3, 3, 3, 3, 3, 3, 3, 3, 3, 3, 3, 3, 3, 3, 3, 3, 3, 3, 3, 3, 3, 3, 3, 3, 3, 3, 3, 3, 3, 3, 3, 3, 3, 3, 3, 3, 3, 3, 3, 3, 3, 3, 3, 3, 3, 3, 3, 3]
Execution Time (s): 271.01296854019165

Instance: myciel7.col
Size: 191
True χ: 8
Predicted χ (GNN): 1
Predicted Colors: [0, 0, 0, 0, 0, 0, 0, 0, 0, 0, 0, 0, 0, 0, 0, 0, 0, 0, 0, 0, 0, 0, 0, 0, 0, 0, 0, 0, 0, 0, 0, 0, 0, 0, 0, 0, 0, 0, 0, 0, 0, 0, 0, 0, 0, 0, 0, 0, 0, 0, 0, 0, 0, 0, 0, 0, 0, 0, 0, 0, 0, 0, 0, 0, 0, 0, 0, 0, 0, 0, 0, 0, 0, 0, 0, 0, 0, 0, 0, 0, 0, 0, 0, 0, 0, 0, 0, 0, 0, 0, 0, 0, 0, 0, 0, 0, 0, 0, 0, 0, 0, 0, 0, 0, 0, 0, 0, 0, 0, 0, 0, 0, 0, 0, 0, 0, 0, 0, 0, 0, 0, 0, 0, 0, 0, 0, 0, 0, 0, 0, 0, 0, 0, 0, 0, 0, 0, 0, 0, 0, 0, 0, 0, 0, 0, 0, 0, 0, 0, 0, 0, 0, 0, 0, 0, 0, 0, 0, 0, 0, 0, 0, 0, 0, 0, 0, 0, 0, 0, 0, 0, 0, 0, 0, 0, 0, 0, 0, 0, 0, 0, 0, 0, 0, 0, 0, 0, 0, 0, 0, 0]
Execution Time (s): 160.72447299957275

Instance: homer.col
Size: 561
True χ: 13
Predicted χ (GNN): 13
Predicted Colors: [3, 4, 0, 0, 0, 0, 0, 1, 0, 3, 4, 0, 0, 0, 2, 1, 2, 0, 0, 0, 0, 0, 0, 1, 0, 0, 1, 1, 1, 1, 1, 4, 0, 7, 2, 1, 0, 1, 0, 5, 0, 4, 0, 10, 0, 6, 0, 0, 0, 2, 1, 1, 8, 0, 0, 0, 2, 1, 0, 2, 4, 2, 0, 3, 0, 3, 2, 2, 6, 0, 0, 3, 0, 2, 0, 6, 1, 1, 0, 0, 0, 1, 5, 1, 1, 7, 0, 2, 0, 0, 0, 0, 0, 4, 2, 1, 1, 0, 1, 0, 0, 0, 0, 0, 0, 0, 2, 0, 0, 0, 0, 0, 7, 1, 5, 0, 6, 0, 0, 0, 6, 0, 0, 0, 0, 0, 0, 0, 0, 0, 0, 0, 10, 0, 7, 0, 1, 1, 1, 1, 1, 0, 0, 2, 10, 1, 1, 3, 0, 1, 0, 8, 7, 0, 0, 1, 5, 4, 3, 1, 1, 4, 6, 0, 0, 2, 1, 2, 9, 1, 0, 1, 1, 1, 2, 5, 1, 0, 1, 1, 4, 1, 1, 2, 1, 2, 9, 0, 0, 3, 0, 2, 0, 0, 1, 0, 1, 0, 0, 3, 3, 5, 0, 0, 4, 1, 3, 0, 1, 1, 0, 0, 1, 0, 0, 3, 3, 0, 0, 3, 0, 0, 0, 0, 3, 0, 0, 0, 1, 0, 0, 2, 0, 0, 0, 0, 3, 0, 0, 0, 1, 0, 3, 4, 0, 1, 0, 1, 0, 2, 0, 0, 0, 0, 0, 5, 2, 1, 3, 0, 2, 0, 0, 2, 1, 0, 0, 0, 1, 0, 2, 0, 0, 5, 0, 0, 2, 1, 0, 0, 0, 2, 1, 0, 0, 0, 0, 0, 4, 0, 0, 1, 0, 1, 0, 0, 0, 0, 0, 1, 0, 0, 0, 2, 1, 0, 1, 1, 1, 2, 10, 1, 0, 4, 0, 0, 2, 0, 0, 1, 0, 0, 1, 0, 0, 0, 2, 1, 2, 0, 0, 9, 6, 0, 0, 1, 1, 0, 1, 0, 3, 4, 0, 2, 6, 7, 1, 1, 0, 11, 1, 0, 5, 4, 1, 1, 0, 1, 2, 2, 0, 2, 0, 4, 9, 7, 2, 1, 1, 0, 1, 0, 0, 0, 3, 0, 7, 12, 0, 0, 2, 2, 1, 6, 0, 2, 1, 6, 2, 0, 1, 0, 2, 4, 0, 9, 1, 1, 0, 0, 1, 0, 1, 5, 0, 7, 1, 0, 1, 0, 4, 5, 0, 1, 1, 0, 0, 2, 1, 2, 8, 3, 2, 1, 0, 0, 0, 2, 1, 0, 0, 0, 0, 0, 0, 0, 1, 0, 2, 1, 3, 0, 2, 0, 0, 0, 1, 0, 1, 0, 0, 1, 2, 0, 0, 0, 0, 3, 0, 0, 1, 0, 0, 2, 1, 0, 2, 1, 0, 0, 0, 1, 1, 1, 5, 4, 0, 1, 2, 0, 8, 0, 0, 1, 2, 0, 1, 7, 1, 0, 1, 0, 6, 7, 0, 1, 2, 5, 1, 0, 0, 0, 0, 3, 0, 8, 3, 0, 0, 0, 0, 0, 2, 1, 1, 0, 1, 0, 1, 0, 6, 1, 5, 0, 1, 1, 1, 1, 1, 1, 0, 0, 1, 0, 0, 3, 6, 0, 1, 8, 0, 0, 3, 4, 0, 1, 0, 1, 4, 8, 1, 1, 4, 0, 8, 0]
Execution Time (s): 236.0170030593872

