Table 1: Results for Color02/03/04 instances:
Instance: queen5_5.col
Size: 25
True χ: 5
Predicted χ (GNN): 2
Predicted Colors: [1, 1, 1, 1, 1, 1, 1, 1, 1, 1, 1, 1, 1, 1, 1, 1, 1, 1, 1, 1, 1, 1, 1, 1, 1]
Execution Time (s): 55.53996729850769

Instance: queen6_6.col
Size: 36
True χ: 7
Predicted χ (GNN): 6
Predicted Colors: [5, 5, 5, 5, 5, 5, 5, 5, 5, 5, 5, 5, 5, 5, 5, 5, 5, 5, 5, 5, 5, 5, 5, 5, 5, 5, 5, 5, 5, 5, 5, 5, 5, 5, 5, 5]
Execution Time (s): 65.87522888183594

Instance: myciel5.col
Size: 47
True χ: 6
Predicted χ (GNN): 5
Predicted Colors: [3, 3, 4, 3, 4, 3, 4, 4, 3, 4, 4, 3, 4, 4, 4, 4, 4, 4, 4, 4, 4, 4, 4, 4, 4, 4, 4, 4, 4, 4, 4, 4, 4, 4, 4, 4, 4, 4, 4, 4, 4, 4, 4, 4, 4, 4, 4]
Execution Time (s): 76.37496566772461

Instance: queen7_7.col
Size: 49
True χ: 7
Predicted χ (GNN): 6
Predicted Colors: [5, 5, 5, 5, 5, 5, 5, 5, 5, 5, 5, 5, 5, 5, 5, 5, 5, 5, 5, 5, 5, 5, 5, 5, 5, 5, 5, 5, 5, 5, 5, 5, 5, 5, 5, 5, 5, 5, 5, 5, 5, 5, 5, 5, 5, 5, 5, 5, 5]
Execution Time (s): 122.18490672111511

Instance: queen8_8.col
Size: 64
True χ: 9
Predicted χ (GNN): 9
Predicted Colors: [6, 7, 1, 4, 10, 8, 2, 11, 8, 4, 3, 5, 0, 1, 9, 10, 7, 0, 2, 1, 3, 5, 8, 6, 9, 1, 5, 0, 2, 4, 3, 12, 11, 2, 4, 3, 1, 0, 7, 9, 10, 5, 0, 2, 4, 3, 6, 8, 12, 6, 7, 8, 9, 2, 5, 4, 1, 3, 9, 6, 5, 10, 11, 7]
Execution Time (s): 97.31999635696411

Instance: 1-Insertions_4.col
Size: 67
True χ: 4
Predicted χ (GNN): 4
Predicted Colors: [0, 1, 0, 1, 0, 1, 2, 0, 1, 0, 1, 0, 1, 2, 2, 1, 2, 1, 3, 1, 2, 0, 0, 1, 0, 1, 0, 1, 2, 0, 1, 0, 1, 0, 1, 2, 2, 2, 2, 2, 3, 3, 2, 0, 2, 1, 2, 1, 3, 1, 2, 3, 1, 4, 1, 3, 1, 2, 2, 1, 2, 1, 3, 1, 2, 1, 0]
Execution Time (s): 84.37593674659729

Instance: huck.col
Size: 74
True χ: 11
Predicted χ (GNN): 11
Predicted Colors: [3, 5, 1, 1, 9, 3, 0, 0, 4, 5, 7, 7, 4, 6, 1, 1, 1, 3, 8, 8, 5, 5, 2, 1, 10, 0, 6, 0, 5, 3, 5, 2, 0, 6, 0, 1, 0, 7, 7, 6, 3, 2, 0, 1, 2, 6, 5, 1, 2, 8, 4, 2, 3, 1, 0, 9, 2, 2, 1, 5, 0, 4, 0, 4, 2, 1, 6, 7, 6, 1, 0, 1, 4, 1]
Execution Time (s): 91.10679411888123

Instance: jean.col
Size: 80
True χ: 10
Predicted χ (GNN): 10
Predicted Colors: [0, 2, 1, 2, 3, 4, 5, 0, 3, 2, 0, 0, 0, 1, 2, 0, 6, 0, 6, 4, 1, 0, 0, 5, 0, 6, 2, 4, 3, 1, 0, 0, 0, 5, 0, 0, 9, 5, 3, 0, 2, 1, 4, 1, 3, 7, 1, 9, 0, 0, 1, 0, 6, 1, 3, 7, 1, 2, 1, 1, 2, 3, 0, 4, 1, 8, 4, 1, 1, 7, 0, 3, 0, 3, 2, 7, 0]
Execution Time (s): 74.84559178352356

Instance: queen9_9.col
Size: 81
True χ: 10
Predicted χ (GNN): 6
Predicted Colors: [5, 5, 5, 5, 5, 5, 5, 5, 5, 5, 5, 5, 5, 5, 5, 5, 5, 5, 5, 5, 5, 5, 5, 5, 5, 5, 5, 5, 5, 5, 5, 5, 5, 5, 5, 5, 5, 5, 5, 5, 5, 5, 5, 5, 5, 5, 5, 5, 5, 5, 5, 5, 5, 5, 5, 5, 5, 5, 5, 5, 5, 5, 5, 5, 5, 5, 5, 5, 5, 5, 5, 5, 5, 5, 5, 5, 5, 5, 5, 5, 5]
Execution Time (s): 133.9701282978058

Instance: david.col
Size: 87
True χ: 11
Predicted χ (GNN): 11
Predicted Colors: [3, 2, 1, 6, 1, 1, 7, 1, 2, 1, 4, 3, 3, 1, 1, 5, 2, 2, 1, 2, 10, 2, 4, 2, 1, 1, 4, 1, 8, 2, 2, 8, 5, 5, 6, 1, 5, 1, 1, 5, 1, 6, 5, 1, 7, 7, 2, 1, 3, 9, 3, 5, 8, 4, 10, 1, 1, 4, 1, 2, 2, 1, 3, 1, 1, 4, 1, 4, 2, 1, 6, 7, 8, 9, 1, 3, 1, 2, 5, 5, 7, 1, 0, 6, 0, 1, 3]
Execution Time (s): 102.60099363327026

Instance: mug88_1.col
Size: 88
True χ: 4
Predicted χ (GNN): 4
Predicted Colors: [0, 1, 0, 0, 2, 1, 1, 2, 0, 1, 0, 1, 2, 0, 2, 1, 0, 2, 3, 1, 2, 1, 1, 0, 2, 0, 2, 3, 0, 2, 1, 1, 0, 0, 1, 0, 1, 2, 0, 1, 0, 2, 0, 1, 2, 0, 2, 0, 1, 2, 1, 1, 0, 1, 1, 0, 1, 2, 2, 0, 1, 1, 2, 3, 1, 2, 3, 1, 2, 3, 2, 0, 3, 1, 2, 3, 3, 0, 2, 3, 0, 2, 0, 1, 2, 3, 0, 2]
Execution Time (s): 67.40092086791992

Instance: myciel6.col
Size: 95
True χ: 7
Predicted χ (GNN): 3
Predicted Colors: [0, 0, 2, 0, 2, 0, 2, 2, 0, 2, 0, 0, 2, 2, 2, 0, 0, 0, 0, 0, 0, 2, 0, 0, 0, 0, 0, 0, 0, 0, 0, 0, 0, 0, 0, 0, 2, 0, 0, 0, 0, 0, 0, 0, 0, 0, 0, 0, 0, 0, 0, 0, 0, 0, 0, 0, 0, 0, 0, 0, 0, 0, 0, 0, 0, 0, 0, 0, 0, 0, 0, 0, 0, 0, 0, 0, 0, 0, 0, 0, 0, 0, 0, 0, 0, 0, 0, 0, 0, 0, 0, 0, 0, 0, 0]
Execution Time (s): 118.95382642745972

Instance: queen8_12.col
Size: 96
True χ: 12
Predicted χ (GNN): 7
Predicted Colors: [6, 6, 6, 6, 6, 6, 6, 6, 6, 6, 6, 6, 6, 6, 6, 6, 6, 6, 6, 6, 6, 6, 6, 6, 6, 6, 6, 6, 6, 6, 6, 6, 6, 6, 6, 6, 6, 6, 6, 6, 6, 6, 6, 6, 6, 6, 6, 6, 6, 6, 6, 6, 6, 6, 6, 6, 6, 6, 6, 6, 6, 6, 6, 6, 6, 6, 6, 6, 6, 6, 6, 6, 6, 6, 6, 6, 6, 6, 6, 6, 6, 6, 6, 6, 6, 6, 6, 6, 6, 6, 6, 6, 6, 6, 6, 6]
Execution Time (s): 177.73586702346802

Instance: games120.col
Size: 120
True χ: 9
Predicted χ (GNN): 9
Predicted Colors: [4, 3, 1, 1, 6, 0, 0, 7, 3, 1, 6, 3, 2, 3, 0, 2, 2, 1, 0, 0, 7, 8, 1, 5, 3, 3, 4, 4, 2, 0, 0, 0, 1, 0, 6, 4, 3, 0, 5, 7, 1, 6, 5, 0, 3, 0, 6, 5, 0, 4, 2, 1, 4, 4, 5, 1, 5, 1, 2, 4, 3, 3, 5, 5, 1, 1, 5, 0, 5, 4, 3, 5, 5, 5, 6, 2, 1, 5, 1, 5, 6, 2, 8, 0, 2, 6, 7, 2, 1, 7, 3, 2, 2, 1, 5, 7, 2, 2, 6, 0, 4, 7, 4, 1, 2, 3, 2, 4, 6, 5, 1, 6, 3, 1, 3, 2, 4, 4, 4, 2]
Execution Time (s): 101.88424634933472

Instance: queen11_11.col
Size: 121
True χ: 11
Predicted χ (GNN): 3
Predicted Colors: [2, 2, 2, 2, 2, 2, 2, 2, 2, 2, 2, 2, 2, 2, 2, 2, 2, 2, 2, 2, 2, 2, 2, 2, 2, 2, 2, 2, 2, 2, 2, 2, 2, 2, 2, 2, 2, 2, 2, 2, 2, 2, 2, 2, 2, 2, 2, 2, 2, 2, 2, 2, 2, 2, 2, 2, 2, 2, 2, 2, 2, 2, 2, 2, 2, 2, 2, 2, 2, 2, 2, 2, 2, 2, 2, 2, 2, 2, 2, 2, 2, 2, 2, 2, 2, 2, 2, 2, 2, 2, 2, 2, 2, 2, 2, 2, 2, 2, 2, 2, 2, 2, 2, 2, 2, 2, 2, 2, 2, 2, 2, 2, 2, 2, 2, 2, 2, 2, 2, 2, 2]
Execution Time (s): 230.95186948776245

Instance: anna.col
Size: 138
True χ: 11
Predicted χ (GNN): 10
Predicted Colors: [3, 1, 1, 1, 7, 1, 1, 6, 1, 1, 9, 1, 9, 1, 6, 1, 1, 1, 1, 1, 1, 1, 6, 6, 1, 1, 1, 6, 1, 1, 6, 6, 1, 1, 1, 1, 1, 1, 6, 1, 1, 3, 0, 1, 1, 1, 1, 3, 6, 6, 1, 9, 1, 1, 0, 1, 1, 1, 1, 1, 1, 1, 6, 1, 1, 6, 6, 1, 1, 1, 6, 1, 6, 1, 1, 1, 1, 1, 1, 6, 1, 1, 1, 0, 1, 1, 9, 6, 1, 1, 1, 1, 1, 1, 1, 6, 1, 1, 1, 1, 6, 0, 9, 1, 1, 1, 6, 1, 1, 1, 1, 1, 6, 6, 1, 1, 1, 1, 1, 1, 3, 0, 0, 1, 6, 1, 1, 9, 6, 1, 6, 6, 1, 1, 1, 1, 6, 1]
Execution Time (s): 95.39843797683716

Instance: 2-Insertions_4.col
Size: 149
True χ: 4
Predicted χ (GNN): 4
Predicted Colors: [0, 1, 0, 1, 0, 1, 0, 1, 2, 0, 1, 0, 1, 0, 1, 0, 1, 2, 0, 1, 0, 1, 0, 1, 0, 1, 2, 2, 1, 2, 1, 2, 1, 3, 1, 2, 0, 0, 1, 0, 1, 0, 1, 0, 1, 2, 0, 1, 0, 1, 0, 1, 0, 1, 2, 0, 1, 0, 1, 0, 1, 0, 1, 2, 2, 1, 2, 1, 2, 1, 3, 1, 2, 0, 0, 1, 0, 1, 0, 1, 0, 1, 2, 0, 1, 0, 1, 0, 1, 0, 1, 2, 0, 1, 0, 1, 0, 1, 0, 1, 2, 2, 2, 2, 2, 2, 2, 3, 3, 2, 0, 2, 1, 2, 1, 2, 1, 3, 1, 2, 2, 1, 2, 1, 2, 1, 3, 1, 2, 3, 1, 3, 1, 4, 1, 3, 1, 2, 2, 1, 2, 1, 2, 1, 3, 1, 2, 1, 0]
Execution Time (s): 96.35371208190918

Instance: queen13_13.col
Size: 169
True χ: 13
Predicted χ (GNN): 10
Predicted Colors: [9, 9, 9, 9, 9, 9, 9, 9, 9, 9, 9, 9, 9, 9, 9, 9, 9, 9, 9, 9, 9, 9, 9, 9, 9, 9, 9, 9, 9, 9, 9, 9, 9, 9, 9, 9, 9, 9, 9, 9, 9, 9, 9, 9, 9, 9, 9, 9, 9, 9, 9, 9, 9, 9, 9, 9, 9, 9, 9, 9, 9, 9, 9, 9, 9, 9, 9, 9, 9, 9, 9, 9, 9, 9, 9, 9, 9, 9, 9, 9, 9, 9, 9, 9, 9, 9, 9, 9, 9, 9, 9, 9, 9, 9, 9, 9, 9, 9, 9, 9, 9, 9, 9, 9, 9, 9, 9, 9, 9, 9, 9, 9, 9, 9, 9, 9, 9, 9, 9, 9, 9, 9, 9, 9, 9, 9, 9, 9, 9, 9, 9, 9, 9, 9, 9, 9, 9, 9, 9, 9, 9, 9, 9, 9, 9, 9, 9, 9, 9, 9, 9, 9, 9, 9, 9, 9, 9, 9, 9, 9, 9, 9, 9, 9, 9, 9, 9, 9, 9]
Execution Time (s): 250.9612591266632

Instance: myciel7.col
Size: 191
True χ: 8
Predicted χ (GNN): 1
Predicted Colors: [0, 0, 0, 0, 0, 0, 0, 0, 0, 0, 0, 0, 0, 0, 0, 0, 0, 0, 0, 0, 0, 0, 0, 0, 0, 0, 0, 0, 0, 0, 0, 0, 0, 0, 0, 0, 0, 0, 0, 0, 0, 0, 0, 0, 0, 0, 0, 0, 0, 0, 0, 0, 0, 0, 0, 0, 0, 0, 0, 0, 0, 0, 0, 0, 0, 0, 0, 0, 0, 0, 0, 0, 0, 0, 0, 0, 0, 0, 0, 0, 0, 0, 0, 0, 0, 0, 0, 0, 0, 0, 0, 0, 0, 0, 0, 0, 0, 0, 0, 0, 0, 0, 0, 0, 0, 0, 0, 0, 0, 0, 0, 0, 0, 0, 0, 0, 0, 0, 0, 0, 0, 0, 0, 0, 0, 0, 0, 0, 0, 0, 0, 0, 0, 0, 0, 0, 0, 0, 0, 0, 0, 0, 0, 0, 0, 0, 0, 0, 0, 0, 0, 0, 0, 0, 0, 0, 0, 0, 0, 0, 0, 0, 0, 0, 0, 0, 0, 0, 0, 0, 0, 0, 0, 0, 0, 0, 0, 0, 0, 0, 0, 0, 0, 0, 0, 0, 0, 0, 0, 0, 0]
Execution Time (s): 158.34495854377747

Instance: homer.col
Size: 561
True χ: 13
Predicted χ (GNN): 11
Predicted Colors: [4, 2, 4, 2, 2, 2, 4, 4, 2, 4, 4, 4, 2, 1, 4, 4, 4, 4, 2, 4, 4, 4, 3, 2, 4, 2, 4, 2, 2, 4, 2, 4, 2, 4, 4, 4, 1, 4, 2, 4, 1, 2, 4, 4, 4, 2, 2, 4, 4, 4, 4, 4, 4, 3, 4, 4, 4, 4, 4, 3, 4, 4, 2, 2, 2, 4, 4, 3, 4, 4, 2, 2, 4, 2, 4, 4, 4, 4, 2, 2, 2, 4, 4, 4, 1, 4, 2, 2, 2, 4, 4, 10, 3, 4, 4, 4, 4, 4, 4, 2, 2, 3, 4, 2, 2, 2, 9, 4, 4, 1, 2, 2, 2, 2, 2, 4, 4, 2, 4, 4, 2, 2, 4, 2, 2, 4, 2, 2, 4, 4, 2, 2, 2, 4, 1, 4, 3, 2, 9, 1, 1, 4, 4, 4, 2, 2, 4, 2, 1, 2, 2, 4, 4, 2, 4, 2, 4, 4, 4, 4, 4, 2, 4, 1, 4, 1, 4, 2, 4, 2, 2, 2, 2, 2, 4, 2, 3, 1, 2, 4, 4, 4, 4, 2, 3, 4, 4, 2, 2, 4, 4, 2, 1, 3, 1, 2, 4, 2, 4, 4, 2, 4, 4, 4, 4, 4, 4, 2, 2, 2, 4, 4, 4, 2, 2, 2, 4, 4, 4, 4, 2, 4, 4, 4, 3, 1, 4, 2, 4, 4, 4, 4, 2, 4, 4, 4, 4, 4, 4, 2, 4, 2, 2, 2, 4, 3, 4, 4, 4, 4, 4, 2, 3, 4, 4, 2, 2, 2, 2, 2, 4, 4, 2, 2, 4, 4, 2, 2, 1, 2, 4, 4, 2, 2, 3, 4, 2, 2, 4, 4, 2, 2, 2, 4, 2, 4, 2, 2, 4, 2, 4, 4, 4, 9, 4, 2, 4, 4, 2, 4, 2, 3, 2, 2, 2, 4, 9, 2, 4, 4, 1, 2, 4, 2, 1, 2, 4, 4, 4, 4, 4, 4, 4, 4, 4, 2, 4, 2, 4, 4, 2, 9, 9, 2, 1, 4, 4, 4, 2, 4, 4, 4, 4, 4, 4, 4, 4, 4, 4, 2, 4, 4, 2, 4, 4, 4, 2, 4, 4, 4, 4, 4, 3, 2, 4, 2, 4, 4, 4, 2, 2, 4, 1, 2, 1, 2, 2, 2, 2, 4, 2, 4, 4, 2, 2, 2, 2, 2, 2, 9, 4, 2, 2, 4, 4, 4, 4, 4, 3, 4, 4, 2, 4, 2, 2, 4, 2, 4, 2, 4, 2, 2, 1, 4, 4, 2, 1, 2, 2, 2, 2, 4, 2, 4, 4, 3, 4, 4, 4, 4, 2, 4, 4, 2, 2, 4, 4, 1, 2, 4, 4, 2, 4, 4, 2, 2, 2, 2, 4, 4, 2, 4, 4, 4, 4, 4, 2, 4, 4, 2, 4, 2, 9, 2, 3, 2, 3, 9, 4, 2, 2, 4, 4, 2, 4, 4, 4, 2, 3, 2, 3, 3, 4, 9, 1, 4, 3, 9, 2, 4, 2, 4, 4, 2, 2, 4, 2, 4, 1, 4, 4, 4, 4, 2, 4, 1, 2, 4, 2, 2, 4, 4, 2, 2, 4, 9, 4, 2, 4, 2, 2, 2, 2, 2, 4, 2, 4, 4, 2, 2, 4, 4, 4, 1, 4, 4, 2, 4, 1, 3, 4, 3, 4, 4, 2, 2, 2, 4, 2, 4, 2, 2, 2, 3, 4, 2, 10, 4, 9, 4, 4]
Execution Time (s): 212.8014440536499

