Table 1: Results for Color02/03/04 instances:
Instance: queen5_5
Size: 25
True X: 5
Predicted X (GA): 5
Predicted Colors: [2, 0, 3, 1, 4, 3, 1, 4, 2, 0, 4, 2, 0, 3, 1, 0, 3, 1, 4, 2, 1, 4, 2, 0, 3]
Execution Time (s): 0.01300048828125


Table 1: Results for Color02/03/04 instances:
Instance: queen6_6
Size: 36
True X: 7
Predicted X (GA): 9
Predicted Colors: [0, 6, 5, 7, 1, 2, 4, 3, 2, 8, 5, 6, 2, 1, 7, 4, 0, 3, 3, 4, 6, 5, 7, 1, 5, 7, 8, 2, 6, 0, 1, 2, 4, 0, 3, 8]
Execution Time (s): 0.019016742706298828


Table 1: Results for Color02/03/04 instances:
Instance: myciel5
Size: 47
True X: 6
Predicted X (GA): 6
Predicted Colors: [3, 1, 0, 4, 1, 0, 1, 0, 4, 1, 5, 2, 2, 2, 2, 2, 2, 2, 2, 2, 2, 3, 1, 0, 1, 0, 5, 1, 0, 1, 0, 0, 1, 5, 0, 5, 0, 2, 2, 0, 4, 0, 4, 2, 2, 0, 3]
Execution Time (s): 0.011768341064453125


Table 1: Results for Color02/03/04 instances:
Instance: queen7_7
Size: 49
True X: 7
Predicted X (GA): 10
Predicted Colors: [1, 9, 3, 6, 0, 8, 2, 3, 0, 2, 7, 9, 1, 6, 2, 7, 9, 3, 6, 5, 4, 9, 1, 5, 8, 4, 2, 3, 5, 2, 4, 9, 7, 0, 8, 4, 3, 7, 0, 2, 6, 1, 0, 8, 6, 1, 3, 4, 5]
Execution Time (s): 0.02784872055053711


Table 1: Results for Color02/03/04 instances:
Instance: queen8_8
Size: 64
True X: 9
Predicted X (GA): 12
Predicted Colors: [9, 5, 3, 7, 0, 6, 8, 2, 4, 6, 11, 8, 9, 7, 1, 0, 1, 0, 2, 10, 6, 3, 11, 4, 2, 9, 1, 4, 7, 10, 0, 3, 7, 11, 0, 6, 1, 9, 5, 10, 8, 1, 10, 5, 3, 0, 4, 9, 3, 4, 9, 1, 10, 5, 7, 6, 11, 7, 6, 2, 8, 4, 9, 5]
Execution Time (s): 0.04086017608642578


Table 1: Results for Color02/03/04 instances:
Instance: 1-Insertions_4
Size: 67
True X: 4
Predicted X (GA): 5
Predicted Colors: [3, 4, 1, 1, 0, 4, 1, 3, 0, 0, 4, 0, 0, 1, 1, 1, 1, 1, 3, 3, 1, 0, 2, 4, 2, 1, 3, 4, 3, 3, 0, 2, 4, 0, 0, 2, 1, 1, 1, 1, 2, 4, 3, 0, 3, 1, 1, 1, 0, 0, 2, 0, 3, 3, 0, 2, 0, 0, 3, 1, 3, 1, 1, 1, 3, 0, 4]
Execution Time (s): 0.016974687576293945


Table 1: Results for Color02/03/04 instances:
Instance: huck
Size: 74
True X: 11
Predicted X (GA): 11
Predicted Colors: [8, 0, 4, 3, 0, 1, 2, 4, 5, 2, 5, 1, 9, 2, 1, 0, 4, 6, 4, 3, 8, 10, 5, 0, 1, 0, 2, 0, 4, 2, 1, 0, 3, 2, 1, 0, 0, 3, 6, 10, 5, 2, 4, 0, 10, 1, 0, 0, 6, 2, 6, 9, 0, 0, 7, 1, 8, 9, 3, 9, 0, 4, 1, 0, 6, 0, 2, 0, 0, 0, 1, 9, 6, 1]
Execution Time (s): 0.027022838592529297


Table 1: Results for Color02/03/04 instances:
Instance: jean
Size: 80
True X: 10
Predicted X (GA): 10
Predicted Colors: [0, 9, 3, 6, 5, 1, 7, 1, 1, 3, 0, 0, 0, 4, 6, 0, 2, 3, 3, 0, 5, 1, 0, 0, 4, 2, 6, 6, 3, 3, 0, 0, 1, 8, 3, 0, 7, 0, 4, 0, 2, 1, 3, 9, 1, 5, 0, 4, 0, 0, 0, 1, 2, 0, 2, 0, 8, 5, 0, 0, 0, 9, 2, 1, 3, 9, 0, 5, 5, 5, 0, 4, 9, 4, 0, 0, 1, 0, 2, 0]
Execution Time (s): 0.026045560836791992


Table 1: Results for Color02/03/04 instances:
Instance: queen9_9
Size: 81
True X: 10
Predicted X (GA): 15
Predicted Colors: [11, 4, 7, 6, 9, 8, 3, 14, 1, 14, 6, 2, 4, 0, 1, 13, 11, 10, 12, 8, 1, 3, 10, 4, 0, 2, 9, 4, 0, 13, 5, 11, 3, 7, 10, 14, 3, 7, 8, 10, 4, 12, 14, 5, 2, 1, 9, 5, 14, 3, 2, 6, 8, 11, 2, 3, 10, 8, 5, 11, 9, 0, 12, 0, 12, 4, 13, 1, 6, 2, 3, 7, 5, 13, 6, 2, 7, 10, 4, 1, 0]
Execution Time (s): 0.06205940246582031


Table 1: Results for Color02/03/04 instances:
Instance: david
Size: 87
True X: 11
Predicted X (GA): 11
Predicted Colors: [7, 5, 1, 9, 1, 5, 6, 0, 2, 5, 0, 8, 10, 5, 1, 1, 6, 0, 3, 0, 3, 3, 6, 0, 0, 0, 6, 0, 9, 1, 0, 1, 3, 10, 7, 5, 1, 0, 0, 1, 2, 0, 1, 2, 7, 7, 0, 0, 2, 0, 2, 10, 2, 0, 0, 0, 0, 2, 5, 9, 6, 2, 2, 9, 0, 6, 2, 1, 9, 3, 1, 0, 9, 2, 0, 3, 6, 2, 1, 1, 7, 0, 4, 5, 0, 1, 8]
Execution Time (s): 0.035002708435058594


Table 1: Results for Color02/03/04 instances:
Instance: mug88_1
Size: 88
True X: 4
Predicted X (GA): 5
Predicted Colors: [0, 1, 3, 4, 4, 2, 1, 1, 2, 0, 1, 2, 0, 2, 1, 3, 3, 0, 1, 3, 1, 4, 2, 0, 3, 0, 1, 2, 1, 4, 2, 4, 0, 1, 2, 3, 1, 0, 1, 3, 1, 2, 1, 0, 3, 2, 4, 1, 3, 2, 3, 0, 4, 0, 0, 0, 4, 3, 4, 2, 0, 1, 2, 0, 1, 2, 4, 4, 0, 3, 2, 3, 1, 0, 2, 3, 1, 2, 4, 1, 2, 0, 1, 0, 2, 4, 1, 0]
Execution Time (s): 0.015002250671386719


Table 1: Results for Color02/03/04 instances:
Instance: myciel6
Size: 95
True X: 7
Predicted X (GA): 8
Predicted Colors: [5, 1, 2, 2, 1, 0, 6, 2, 2, 1, 5, 4, 4, 2, 2, 1, 0, 1, 4, 0, 1, 4, 6, 3, 1, 0, 2, 1, 0, 0, 0, 0, 3, 7, 3, 1, 0, 2, 3, 0, 0, 0, 2, 0, 4, 5, 6, 3, 1, 2, 2, 1, 0, 1, 0, 0, 3, 7, 3, 1, 2, 4, 1, 0, 1, 2, 0, 1, 4, 6, 7, 1, 0, 3, 1, 0, 0, 7, 2, 0, 3, 4, 3, 2, 2, 0, 0, 3, 7, 0, 0, 4, 3, 6, 5]
Execution Time (s): 0.03000330924987793


Table 1: Results for Color02/03/04 instances:
Instance: queen8_12
Size: 96
True X: 12
Predicted X (GA): 17
Predicted Colors: [2, 8, 7, 11, 3, 12, 10, 15, 16, 13, 14, 6, 7, 11, 10, 9, 0, 5, 1, 13, 14, 8, 3, 4, 13, 2, 16, 5, 8, 10, 9, 0, 3, 4, 15, 12, 0, 6, 8, 4, 9, 2, 3, 10, 5, 1, 13, 14, 5, 3, 2, 12, 1, 4, 11, 9, 7, 15, 0, 10, 10, 14, 4, 0, 11, 13, 7, 5, 8, 12, 2, 9, 3, 7, 15, 10, 4, 0, 12, 11, 6, 14, 1, 8, 8, 4, 6, 1, 2, 9, 16, 3, 13, 10, 5, 0]
Execution Time (s): 0.07515859603881836


Table 1: Results for Color02/03/04 instances:
Instance: games120
Size: 120
True X: 9
Predicted X (GA): 10
Predicted Colors: [1, 6, 4, 1, 4, 4, 7, 6, 5, 1, 0, 4, 9, 6, 9, 2, 9, 9, 5, 6, 5, 8, 6, 0, 3, 5, 4, 5, 0, 1, 8, 3, 1, 0, 2, 2, 3, 7, 1, 0, 5, 1, 3, 5, 3, 2, 1, 0, 5, 8, 0, 2, 8, 2, 3, 1, 4, 1, 0, 2, 0, 0, 6, 0, 5, 5, 0, 2, 6, 2, 2, 3, 7, 1, 6, 6, 7, 5, 1, 3, 4, 6, 8, 3, 2, 5, 1, 2, 9, 6, 3, 3, 2, 7, 1, 4, 0, 0, 7, 1, 0, 9, 2, 4, 7, 5, 9, 4, 7, 4, 1, 2, 0, 2, 5, 3, 8, 2, 7, 4]
Execution Time (s): 0.0428009033203125


Table 1: Results for Color02/03/04 instances:
Instance: queen11_11
Size: 121
True X: 11
Predicted X (GA): 20
Predicted Colors: [2, 14, 19, 4, 18, 9, 8, 11, 1, 17, 6, 7, 4, 12, 6, 2, 0, 10, 3, 15, 13, 5, 6, 11, 0, 13, 5, 7, 4, 1, 2, 12, 8, 9, 10, 1, 18, 17, 12, 6, 15, 19, 7, 2, 11, 3, 7, 16, 15, 5, 9, 13, 14, 6, 0, 4, 9, 6, 5, 0, 16, 1, 2, 10, 3, 12, 3, 18, 8, 10, 11, 2, 19, 0, 4, 1, 17, 5, 2, 9, 1, 8, 13, 15, 12, 7, 0, 3, 0, 13, 5, 15, 4, 14, 2, 8, 9, 16, 7, 8, 7, 4, 9, 3, 10, 0, 14, 6, 5, 11, 10, 0, 3, 11, 16, 19, 5, 7, 8, 4, 1]
Execution Time (s): 0.11013460159301758


Table 1: Results for Color02/03/04 instances:
Instance: anna
Size: 138
True X: 11
Predicted X (GA): 11
Predicted Colors: [1, 0, 0, 0, 3, 1, 8, 1, 7, 2, 0, 0, 0, 0, 0, 0, 0, 4, 2, 6, 2, 1, 0, 0, 0, 0, 2, 0, 1, 3, 0, 5, 2, 1, 2, 10, 2, 5, 0, 0, 3, 0, 5, 1, 6, 0, 1, 0, 0, 0, 0, 0, 0, 0, 0, 0, 4, 0, 1, 0, 2, 2, 3, 1, 0, 0, 2, 1, 1, 3, 0, 6, 2, 9, 2, 1, 1, 7, 1, 0, 0, 0, 0, 2, 1, 0, 1, 1, 8, 0, 1, 1, 1, 0, 8, 1, 2, 0, 6, 3, 0, 0, 7, 1, 0, 2, 0, 7, 0, 1, 0, 1, 0, 1, 0, 7, 1, 2, 0, 7, 0, 3, 6, 1, 1, 3, 0, 0, 6, 2, 5, 0, 1, 2, 2, 3, 1, 5]
Execution Time (s): 0.054618120193481445


Table 1: Results for Color02/03/04 instances:
Instance: 2-Insertions_4
Size: 149
True X: 4
Predicted X (GA): 6
Predicted Colors: [0, 4, 0, 2, 1, 2, 5, 0, 3, 3, 3, 3, 3, 3, 1, 0, 0, 2, 4, 2, 0, 0, 1, 2, 5, 0, 3, 3, 3, 0, 0, 3, 1, 0, 4, 3, 2, 0, 2, 5, 2, 1, 1, 0, 4, 2, 1, 5, 0, 5, 1, 1, 1, 2, 1, 2, 1, 0, 4, 2, 5, 0, 1, 2, 1, 1, 0, 0, 4, 3, 0, 0, 1, 2, 0, 2, 0, 3, 1, 2, 0, 0, 3, 5, 1, 0, 5, 3, 4, 0, 0, 5, 4, 2, 0, 3, 1, 2, 5, 0, 3, 0, 1, 0, 0, 0, 1, 0, 0, 5, 2, 0, 4, 0, 2, 1, 1, 1, 0, 1, 1, 1, 0, 3, 2, 1, 4, 0, 1, 2, 2, 0, 1, 4, 1, 2, 2, 3, 0, 1, 0, 3, 1, 1, 4, 0, 1, 4, 5]
Execution Time (s): 0.03800082206726074


Table 1: Results for Color02/03/04 instances:
Instance: queen13_13
Size: 169
True X: 13
Predicted X (GA): 24
Predicted Colors: [18, 5, 14, 9, 12, 7, 3, 13, 2, 4, 19, 20, 0, 17, 21, 1, 7, 11, 5, 4, 0, 10, 6, 2, 3, 15, 3, 11, 2, 8, 13, 0, 6, 5, 14, 1, 18, 21, 17, 6, 15, 10, 14, 19, 1, 17, 8, 22, 7, 16, 0, 11, 11, 1, 7, 2, 5, 6, 16, 19, 9, 0, 10, 22, 12, 4, 2, 8, 13, 16, 12, 18, 17, 1, 23, 14, 15, 5, 19, 18, 17, 0, 23, 21, 11, 2, 15, 3, 13, 6, 22, 23, 9, 3, 21, 4, 10, 7, 16, 0, 5, 8, 11, 2, 8, 13, 11, 12, 15, 22, 1, 9, 3, 10, 0, 14, 4, 2, 10, 5, 16, 8, 3, 15, 4, 19, 13, 22, 23, 6, 13, 8, 20, 4, 21, 19, 9, 3, 18, 12, 1, 16, 10, 7, 12, 23, 18, 6, 8, 0, 1, 17, 20, 5, 4, 3, 5, 14, 4, 1, 0, 15, 12, 6, 8, 2, 9, 18, 19]
Execution Time (s): 0.2622487545013428


Table 1: Results for Color02/03/04 instances:
Instance: myciel7
Size: 191
True X: 8
Predicted X (GA): 13
Predicted Colors: [7, 3, 6, 3, 0, 7, 3, 6, 3, 7, 4, 8, 12, 11, 12, 8, 2, 11, 6, 6, 1, 8, 5, 8, 5, 4, 3, 0, 1, 1, 5, 3, 5, 4, 1, 4, 4, 3, 1, 2, 3, 9, 2, 1, 8, 10, 7, 10, 0, 10, 3, 7, 1, 10, 7, 2, 1, 0, 7, 0, 2, 2, 0, 2, 1, 1, 9, 1, 0, 5, 1, 0, 4, 5, 4, 1, 3, 1, 1, 1, 0, 4, 0, 1, 3, 0, 12, 1, 1, 1, 0, 0, 10, 12, 6, 8, 0, 2, 3, 0, 7, 12, 2, 2, 7, 4, 4, 2, 9, 2, 8, 8, 3, 1, 2, 1, 0, 5, 4, 9, 2, 4, 0, 11, 1, 2, 3, 1, 0, 8, 0, 2, 4, 0, 1, 1, 2, 9, 1, 0, 3, 7, 0, 3, 2, 3, 1, 0, 9, 2, 11, 2, 0, 2, 9, 2, 2, 0, 2, 3, 1, 1, 0, 2, 0, 1, 1, 10, 3, 2, 0, 1, 1, 3, 10, 0, 1, 2, 1, 8, 0, 0, 2, 1, 1, 1, 0, 9, 12, 8, 6]
Execution Time (s): 0.11033844947814941
Overall Time (s): 789.0275435447693


Table 1: Results for Color02/03/04 instances:
Instance: homer
Size: 561
True X: 13
Predicted X (GA): 13
Predicted Colors: [0, 0, 0, 2, 3, 0, 1, 0, 0, 0, 5, 5, 3, 7, 6, 0, 7, 0, 0, 1, 0, 0, 0, 0, 7, 1, 0, 0, 0, 0, 0, 1, 2, 3, 3, 7, 0, 2, 2, 1, 0, 1, 0, 7, 0, 1, 0, 7, 6, 1, 3, 5, 8, 6, 0, 0, 3, 1, 1, 0, 7, 1, 0, 2, 0, 2, 0, 1, 5, 1, 1, 2, 3, 0, 0, 2, 1, 1, 0, 1, 0, 0, 8, 8, 6, 2, 0, 1, 4, 0, 0, 7, 0, 0, 0, 4, 1, 0, 8, 7, 4, 0, 2, 3, 0, 0, 0, 5, 0, 0, 3, 1, 0, 3, 0, 0, 0, 0, 5, 2, 0, 0, 4, 0, 7, 7, 3, 1, 0, 0, 0, 5, 0, 6, 7, 0, 1, 8, 8, 0, 1, 0, 0, 1, 0, 0, 8, 1, 0, 5, 1, 7, 0, 1, 3, 0, 0, 0, 2, 0, 5, 4, 1, 4, 4, 1, 3, 0, 0, 1, 3, 0, 4, 1, 0, 0, 2, 1, 0, 0, 0, 0, 6, 3, 4, 0, 2, 0, 4, 0, 0, 2, 1, 0, 0, 0, 7, 4, 0, 0, 2, 8, 5, 5, 0, 10, 4, 3, 1, 0, 3, 0, 0, 0, 1, 1, 0, 3, 3, 0, 1, 10, 0, 0, 0, 0, 2, 1, 0, 1, 10, 8, 0, 0, 0, 0, 1, 1, 2, 2, 0, 0, 0, 9, 6, 0, 1, 0, 3, 0, 1, 0, 0, 5, 1, 1, 0, 0, 2, 0, 1, 0, 7, 2, 0, 7, 6, 1, 3, 0, 0, 0, 0, 1, 0, 4, 9, 0, 0, 2, 0, 1, 4, 0, 6, 0, 6, 0, 0, 0, 4, 1, 4, 2, 1, 0, 1, 0, 3, 2, 0, 0, 0, 0, 0, 1, 0, 1, 1, 3, 3, 1, 0, 10, 0, 3, 1, 0, 2, 0, 2, 0, 1, 1, 1, 0, 0, 5, 3, 0, 2, 0, 1, 0, 10, 2, 2, 2, 3, 2, 0, 4, 0, 0, 3, 1, 1, 0, 0, 0, 1, 0, 0, 5, 0, 4, 1, 0, 5, 0, 4, 0, 6, 0, 1, 6, 7, 8, 0, 1, 1, 0, 1, 4, 4, 1, 0, 0, 2, 0, 5, 2, 6, 3, 2, 4, 11, 0, 8, 1, 1, 0, 2, 0, 1, 1, 5, 3, 9, 2, 1, 8, 0, 0, 2, 5, 0, 9, 1, 5, 0, 0, 0, 0, 2, 2, 1, 0, 2, 0, 12, 4, 0, 10, 2, 3, 2, 5, 4, 0, 0, 1, 6, 3, 9, 0, 0, 3, 0, 2, 0, 0, 0, 0, 8, 4, 6, 0, 1, 0, 2, 12, 0, 3, 4, 0, 1, 2, 0, 8, 0, 2, 0, 8, 5, 0, 1, 4, 0, 0, 0, 0, 1, 0, 2, 4, 1, 0, 2, 10, 0, 2, 1, 0, 9, 2, 0, 2, 1, 4, 8, 0, 0, 0, 1, 9, 1, 3, 1, 1, 0, 4, 0, 6, 3, 1, 1, 1, 1, 11, 5, 9, 1, 2, 0, 1, 4, 4, 2, 0, 3, 1, 0, 0, 2, 4, 5, 10, 1, 0, 1, 0, 2, 3, 8, 7, 6, 3, 11, 0, 0, 4, 4, 0, 7, 2, 0, 2, 1, 0, 1, 5, 4, 8, 11, 0, 0, 7, 0, 4, 0]
Execution Time (s): 0.15455842018127441
Overall Time (s): 1473.4564666748047





---------------------------------------------------------------------------------







Table 1: Results for Color02/03/04 instances:
Instance: david
Size: 87
True X: 11
Predicted X (GA): 11
Predicted Colors: [3, 6, 1, 4, 1, 0, 2, 0, 0, 5, 4, 0, 2, 6, 0, 1, 2, 0, 8, 8, 5, 2, 2, 1, 0, 2, 0, 0, 5, 0, 0, 3, 3, 10, 1, 1, 5, 1, 1, 1, 1, 4, 7, 1, 6, 1, 6, 0, 5, 3, 4, 3, 3, 2, 5, 0, 2, 7, 1, 1, 1, 5, 0, 6, 3, 2, 7, 2, 1, 0, 2, 10, 1, 7, 0, 3, 8, 4, 0, 0, 1, 6, 9, 4, 3, 0, 0]
Execution Time (s): 0.05202627182006836
Overall Time (s): 387.99176692962646






Table 1: Results for Color02/03/04 instances:
Instance: queen5_5
Size: 25
True X: 5
Predicted X (GA): 5
Predicted Colors: [3, 2, 0, 1, 4, 0, 1, 4, 3, 2, 4, 3, 2, 0, 1, 2, 0, 1, 4, 3, 1, 4, 3, 2, 0]
Execution Time (s): 0.010999202728271484
Overall Time (s): 134.90089535713196


Table 1: Results for Color02/03/04 instances:
Instance: queen6_6
Size: 36
True X: 7
Predicted X (GA): 9
Predicted Colors: [6, 2, 1, 3, 5, 7, 1, 5, 7, 8, 0, 2, 2, 8, 0, 5, 3, 1, 4, 3, 2, 1, 6, 0, 7, 6, 8, 0, 2, 3, 8, 0, 5, 6, 7, 4]
Execution Time (s): 0.019948482513427734
Overall Time (s): 203.51456093788147


Table 1: Results for Color02/03/04 instances:
Instance: queen5_5
Size: 25
True X: 5
Predicted X (GA): 5
Predicted Colors: [2, 4, 1, 3, 0, 1, 3, 0, 2, 4, 0, 2, 4, 1, 3, 4, 1, 3, 0, 2, 3, 0, 2, 4, 1]
Execution Time (s): 0.014020919799804688
Overall Time (s): 124.2147274017334









---------------------------------------------------------------------------------------------------------------------------------------------------------------


Table 1: Results for Color02/03/04 instances:
Instance: queen5_5
Size: 25
True X: 5
Predicted X (GA): 7
Predicted Colors: [6, 3, 5, 0, 2, 0, 2, 4, 1, 6, 4, 6, 0, 2, 3, 2, 5, 3, 4, 0, 3, 0, 2, 5, 1]
Execution Time (s): 0.011001110076904297
Overall Time (s): 135.73432564735413


Table 1: Results for Color02/03/04 instances:
Instance: queen6_6
Size: 36
True X: 7
Predicted X (GA): 9
Predicted Colors: [4, 6, 5, 3, 2, 8, 0, 8, 2, 7, 1, 5, 3, 1, 6, 5, 0, 4, 8, 5, 3, 2, 7, 1, 1, 4, 7, 6, 5, 0, 2, 3, 0, 4, 8, 7]
Execution Time (s): 0.04048943519592285
Overall Time (s): 200.82206296920776


Table 1: Results for Color02/03/04 instances:
Instance: myciel5
Size: 47
True X: 6
Predicted X (GA): 6
Predicted Colors: [5, 3, 0, 3, 4, 1, 4, 2, 3, 4, 0, 0, 4, 0, 0, 1, 2, 1, 2, 1, 2, 0, 5, 2, 3, 0, 3, 5, 2, 4, 2, 2, 5, 0, 2, 3, 0, 2, 4, 2, 4, 2, 2, 4, 0, 3, 1]
Execution Time (s): 0.015009641647338867
Overall Time (s): 118.40082001686096


Table 1: Results for Color02/03/04 instances:
Instance: queen7_7
Size: 49
True X: 7
Predicted X (GA): 11
Predicted Colors: [10, 0, 7, 4, 2, 3, 6, 3, 6, 5, 1, 7, 4, 8, 8, 7, 9, 2, 0, 6, 1, 9, 4, 6, 5, 1, 8, 0, 7, 1, 3, 9, 4, 10, 5, 0, 10, 4, 7, 8, 2, 3, 1, 3, 2, 6, 9, 0, 7]
Execution Time (s): 0.03096914291381836
Overall Time (s): 323.18995785713196


Table 1: Results for Color02/03/04 instances:
Instance: queen8_8
Size: 64
True X: 9
Predicted X (GA): 13
Predicted Colors: [10, 4, 7, 1, 2, 9, 6, 5, 9, 8, 5, 4, 7, 1, 0, 10, 12, 3, 9, 6, 0, 2, 7, 11, 7, 5, 0, 2, 1, 3, 9, 4, 0, 11, 3, 7, 4, 10, 1, 8, 2, 7, 4, 8, 5, 0, 3, 6, 4, 12, 2, 0, 11, 6, 5, 9, 3, 6, 1, 5, 9, 4, 10, 12]
Execution Time (s): 0.0408024787902832
Overall Time (s): 389.1835243701935


Table 1: Results for Color02/03/04 instances:
Instance: 1-Insertions_4
Size: 67
True X: 4
Predicted X (GA): 5
Predicted Colors: [3, 4, 1, 0, 3, 0, 1, 3, 2, 1, 4, 2, 2, 1, 0, 0, 3, 0, 0, 0, 3, 1, 1, 2, 3, 4, 2, 2, 4, 2, 2, 2, 2, 2, 0, 2, 3, 4, 0, 0, 2, 4, 0, 2, 1, 0, 1, 4, 0, 1, 1, 1, 4, 0, 0, 1, 1, 0, 0, 3, 1, 3, 4, 1, 1, 1, 2]
Execution Time (s): 0.01795792579650879
Overall Time (s): 96.34914422035217


Table 1: Results for Color02/03/04 instances:
Instance: huck
Size: 74
True X: 11
Predicted X (GA): 11
Predicted Colors: [2, 4, 9, 9, 3, 3, 0, 0, 1, 5, 9, 6, 5, 4, 0, 2, 5, 3, 3, 4, 1, 4, 0, 1, 8, 1, 5, 0, 0, 1, 2, 4, 0, 8, 0, 0, 0, 5, 2, 10, 8, 0, 0, 8, 5, 1, 1, 1, 6, 1, 1, 6, 8, 0, 7, 1, 10, 2, 4, 4, 1, 0, 0, 9, 5, 3, 3, 0, 0, 9, 0, 3, 2, 3]
Execution Time (s): 0.03600788116455078
Overall Time (s): 223.4069640636444


Table 1: Results for Color02/03/04 instances:
Instance: jean
Size: 80
True X: 10
Predicted X (GA): 10
Predicted Colors: [0, 0, 8, 8, 0, 3, 4, 3, 7, 8, 3, 5, 4, 2, 8, 5, 3, 4, 3, 4, 2, 2, 5, 8, 1, 6, 7, 6, 7, 0, 0, 0, 5, 5, 2, 0, 5, 2, 1, 0, 6, 1, 2, 3, 3, 0, 2, 0, 0, 2, 0, 5, 0, 3, 4, 0, 1, 7, 2, 0, 0, 4, 2, 8, 0, 1, 6, 6, 4, 2, 8, 0, 3, 4, 1, 0, 0, 0, 9, 0]
Execution Time (s): 0.028000593185424805
Overall Time (s): 204.4592888355255


Table 1: Results for Color02/03/04 instances:
Instance: queen9_9
Size: 81
True X: 10
Predicted X (GA): 15
Predicted Colors: [10, 5, 2, 8, 13, 11, 3, 9, 1, 14, 11, 1, 10, 5, 12, 4, 0, 2, 0, 12, 5, 4, 8, 3, 9, 1, 13, 7, 1, 6, 13, 2, 4, 10, 11, 12, 4, 10, 7, 1, 6, 8, 0, 2, 3, 2, 9, 11, 12, 3, 7, 6, 5, 0, 5, 8, 10, 9, 14, 0, 1, 12, 11, 6, 13, 0, 5, 4, 9, 2, 3, 7, 3, 7, 12, 11, 0, 6, 5, 4, 8]
Execution Time (s): 0.060869455337524414
Overall Time (s): 592.4957964420319


Table 1: Results for Color02/03/04 instances:
Instance: david
Size: 87
True X: 11
Predicted X (GA): 11
Predicted Colors: [8, 1, 0, 6, 2, 6, 2, 0, 1, 0, 2, 1, 0, 5, 0, 4, 8, 0, 7, 7, 2, 2, 6, 1, 0, 3, 9, 0, 4, 1, 3, 8, 8, 0, 3, 4, 2, 0, 0, 0, 0, 3, 4, 0, 4, 3, 2, 0, 3, 1, 2, 0, 2, 0, 2, 0, 4, 6, 1, 1, 4, 0, 0, 7, 0, 9, 7, 4, 1, 1, 2, 2, 0, 4, 0, 8, 1, 6, 0, 0, 0, 4, 10, 3, 3, 0, 5]
Execution Time (s): 0.04004645347595215
Overall Time (s): 300.9024407863617


Table 1: Results for Color02/03/04 instances:
Instance: mug88_1
Size: 88
True X: 4
Predicted X (GA): 4
Predicted Colors: [2, 1, 1, 3, 0, 1, 3, 0, 1, 3, 1, 1, 2, 0, 2, 1, 1, 2, 0, 1, 2, 3, 1, 3, 0, 0, 2, 1, 0, 3, 2, 0, 1, 1, 2, 1, 0, 0, 3, 1, 1, 0, 3, 0, 2, 1, 0, 3, 2, 2, 0, 0, 2, 0, 3, 1, 2, 0, 0, 3, 2, 3, 2, 0, 0, 3, 1, 2, 1, 0, 2, 0, 1, 3, 1, 2, 3, 0, 2, 1, 2, 3, 0, 1, 2, 2, 1, 0]
Execution Time (s): 0.01502227783203125
Overall Time (s): 75.348947763443


Table 1: Results for Color02/03/04 instances:
Instance: myciel6
Size: 95
True X: 7
Predicted X (GA): 9
Predicted Colors: [7, 3, 7, 3, 0, 5, 5, 8, 2, 8, 3, 6, 6, 1, 3, 0, 6, 6, 8, 6, 6, 3, 7, 4, 4, 2, 1, 4, 7, 2, 1, 1, 2, 4, 4, 2, 2, 1, 5, 1, 1, 5, 1, 1, 3, 2, 6, 0, 0, 7, 3, 0, 7, 0, 1, 1, 0, 3, 0, 6, 1, 1, 0, 0, 0, 1, 6, 0, 4, 7, 0, 0, 1, 2, 5, 1, 0, 1, 1, 2, 1, 1, 1, 1, 3, 0, 0, 0, 1, 1, 0, 0, 2, 0, 8]
Execution Time (s): 0.028018474578857422
Overall Time (s): 246.50037598609924


Table 1: Results for Color02/03/04 instances:
Instance: queen8_12
Size: 96
True X: 12
Predicted X (GA): 16
Predicted Colors: [15, 1, 12, 3, 14, 4, 0, 6, 11, 2, 8, 13, 6, 4, 2, 9, 15, 1, 11, 3, 0, 13, 7, 12, 5, 7, 6, 0, 11, 2, 12, 15, 10, 1, 14, 4, 11, 15, 3, 14, 7, 8, 4, 0, 9, 6, 2, 1, 3, 6, 7, 1, 0, 13, 5, 12, 8, 10, 11, 15, 2, 10, 15, 13, 12, 9, 8, 4, 6, 5, 1, 7, 12, 3, 9, 7, 1, 14, 10, 5, 2, 8, 4, 0, 14, 2, 1, 4, 10, 3, 15, 7, 12, 0, 9, 6]
Execution Time (s): 0.08155560493469238
Overall Time (s): 704.862478017807


Table 1: Results for Color02/03/04 instances:
Instance: games120
Size: 120
True X: 9
Predicted X (GA): 10
Predicted Colors: [6, 1, 6, 9, 4, 0, 3, 8, 7, 5, 1, 8, 3, 2, 0, 0, 2, 3, 1, 0, 0, 0, 2, 3, 9, 6, 1, 0, 0, 0, 5, 1, 4, 1, 3, 2, 8, 0, 3, 7, 6, 8, 9, 1, 0, 3, 5, 4, 5, 8, 1, 1, 2, 4, 4, 3, 4, 9, 7, 8, 3, 7, 4, 0, 2, 6, 3, 1, 8, 2, 1, 5, 0, 5, 2, 0, 9, 0, 4, 4, 2, 4, 6, 2, 6, 6, 5, 2, 9, 7, 2, 2, 5, 2, 9, 6, 0, 0, 1, 9, 5, 4, 5, 5, 4, 7, 2, 3, 2, 0, 4, 5, 8, 6, 0, 3, 7, 7, 8, 1]
Execution Time (s): 0.07597613334655762
Overall Time (s): 409.8559489250183


Table 1: Results for Color02/03/04 instances:
Instance: queen11_11
Size: 121
True X: 11
Predicted X (GA): 19
Predicted Colors: [16, 2, 1, 10, 18, 15, 0, 5, 14, 6, 13, 5, 9, 6, 13, 3, 10, 2, 17, 15, 7, 1, 12, 8, 7, 1, 14, 13, 9, 3, 4, 2, 15, 15, 0, 10, 6, 4, 5, 12, 1, 8, 16, 9, 1, 18, 2, 14, 11, 16, 6, 15, 13, 5, 3, 2, 11, 17, 8, 13, 12, 7, 9, 0, 4, 10, 13, 12, 0, 11, 15, 9, 5, 10, 2, 8, 7, 6, 4, 5, 2, 16, 1, 17, 13, 11, 0, 14, 7, 1, 9, 0, 6, 14, 18, 4, 10, 3, 8, 0, 10, 4, 18, 1, 8, 3, 6, 7, 15, 5, 8, 6, 11, 3, 10, 7, 16, 0, 5, 1, 4]
Execution Time (s): 0.11464786529541016
Overall Time (s): 960.575156211853


Table 1: Results for Color02/03/04 instances:
Instance: anna
Size: 138
True X: 11
Predicted X (GA): 11
Predicted Colors: [5, 3, 0, 1, 3, 1, 1, 0, 0, 1, 0, 0, 1, 0, 0, 0, 0, 10, 2, 8, 0, 0, 0, 5, 5, 3, 0, 1, 0, 1, 0, 0, 7, 1, 5, 4, 0, 0, 0, 0, 0, 0, 0, 5, 0, 3, 1, 0, 2, 1, 1, 0, 1, 1, 0, 0, 2, 4, 0, 0, 3, 2, 3, 6, 0, 0, 0, 4, 0, 5, 8, 3, 4, 6, 2, 3, 6, 4, 0, 0, 0, 1, 2, 0, 0, 1, 1, 0, 1, 0, 2, 1, 0, 4, 2, 0, 4, 9, 7, 0, 1, 6, 0, 1, 1, 5, 6, 7, 5, 4, 0, 1, 0, 0, 1, 8, 1, 2, 0, 0, 0, 8, 2, 0, 0, 3, 1, 2, 1, 0, 0, 8, 1, 2, 3, 9, 0, 5]
Execution Time (s): 0.04400467872619629
Overall Time (s): 373.3210802078247


Table 1: Results for Color02/03/04 instances:
Instance: 2-Insertions_4
Size: 149
True X: 4
Predicted X (GA): 7
Predicted Colors: [0, 1, 0, 3, 0, 4, 1, 5, 4, 2, 3, 0, 3, 1, 2, 2, 2, 0, 0, 3, 0, 0, 1, 3, 1, 3, 1, 1, 3, 0, 3, 1, 3, 0, 0, 6, 2, 0, 1, 0, 3, 1, 6, 6, 6, 4, 4, 1, 2, 5, 1, 3, 2, 3, 2, 0, 5, 0, 0, 1, 1, 5, 4, 1, 5, 1, 5, 3, 1, 6, 4, 6, 5, 4, 4, 3, 0, 5, 4, 3, 0, 0, 5, 2, 2, 2, 4, 2, 1, 2, 3, 0, 0, 0, 2, 2, 2, 0, 0, 4, 5, 2, 2, 0, 2, 2, 6, 3, 2, 0, 0, 6, 1, 0, 5, 1, 1, 4, 1, 4, 1, 1, 1, 1, 1, 3, 1, 1, 1, 5, 3, 0, 0, 1, 4, 4, 1, 0, 1, 1, 3, 3, 1, 1, 1, 1, 1, 1, 2]
Execution Time (s): 0.04005122184753418
Overall Time (s): 224.7277204990387


Table 1: Results for Color02/03/04 instances:
Instance: homer
Size: 561
True X: 13
Predicted X (GA): 14
Predicted Colors: [9, 6, 0, 1, 2, 0, 0, 0, 1, 4, 2, 6, 3, 6, 1, 12, 0, 3, 3, 0, 0, 0, 11, 0, 2, 4, 8, 0, 0, 8, 0, 4, 1, 6, 5, 0, 0, 4, 1, 1, 0, 0, 0, 1, 0, 6, 0, 0, 12, 4, 0, 0, 7, 3, 0, 1, 1, 4, 0, 0, 2, 1, 1, 4, 0, 2, 6, 1, 1, 1, 0, 0, 6, 1, 0, 4, 1, 3, 0, 0, 6, 0, 1, 1, 4, 6, 0, 1, 1, 6, 0, 0, 0, 0, 1, 0, 0, 0, 3, 1, 4, 0, 1, 1, 0, 0, 1, 2, 4, 0, 1, 0, 1, 6, 1, 1, 1, 0, 2, 0, 0, 0, 4, 0, 3, 0, 0, 0, 0, 0, 2, 3, 3, 0, 1, 1, 4, 0, 3, 1, 0, 0, 0, 0, 0, 2, 7, 0, 1, 5, 7, 7, 0, 9, 6, 1, 1, 0, 6, 2, 7, 2, 0, 7, 12, 0, 0, 0, 0, 1, 8, 0, 0, 1, 0, 10, 1, 0, 0, 0, 0, 0, 5, 2, 1, 1, 0, 1, 12, 1, 0, 2, 1, 2, 0, 2, 0, 5, 0, 4, 0, 5, 8, 5, 0, 0, 10, 6, 1, 0, 4, 1, 2, 0, 2, 0, 4, 12, 5, 0, 1, 9, 0, 0, 0, 0, 3, 1, 1, 0, 3, 0, 1, 0, 6, 0, 0, 0, 0, 1, 1, 0, 0, 9, 0, 7, 4, 0, 8, 0, 5, 3, 0, 2, 0, 1, 0, 0, 13, 2, 1, 11, 1, 2, 0, 0, 2, 0, 0, 1, 2, 0, 0, 1, 0, 10, 7, 0, 0, 0, 0, 1, 6, 1, 10, 5, 1, 2, 0, 0, 0, 8, 0, 3, 0, 0, 5, 2, 0, 3, 0, 0, 2, 8, 0, 1, 0, 0, 2, 3, 0, 0, 1, 11, 1, 7, 1, 0, 1, 0, 0, 6, 7, 0, 0, 0, 0, 0, 3, 4, 1, 0, 0, 1, 8, 2, 0, 1, 0, 6, 0, 0, 0, 1, 4, 1, 2, 1, 6, 9, 0, 0, 5, 2, 0, 2, 6, 0, 1, 0, 7, 1, 2, 0, 4, 0, 8, 6, 8, 4, 2, 0, 13, 1, 0, 1, 0, 4, 7, 1, 0, 1, 0, 4, 0, 0, 9, 0, 3, 1, 5, 7, 0, 0, 1, 0, 6, 3, 0, 6, 1, 4, 3, 0, 1, 1, 0, 2, 0, 5, 4, 0, 2, 0, 0, 1, 12, 0, 0, 1, 2, 2, 1, 3, 0, 6, 1, 0, 2, 0, 0, 1, 5, 0, 1, 0, 6, 0, 5, 0, 3, 0, 0, 0, 1, 0, 0, 5, 4, 1, 0, 3, 0, 2, 0, 4, 0, 0, 0, 1, 1, 3, 1, 0, 2, 4, 0, 0, 1, 2, 0, 1, 1, 0, 0, 4, 0, 5, 1, 0, 0, 1, 0, 0, 11, 5, 0, 4, 0, 1, 8, 4, 1, 0, 4, 3, 4, 1, 0, 1, 0, 2, 0, 1, 9, 0, 4, 7, 0, 8, 8, 0, 2, 0, 0, 1, 0, 1, 0, 1, 4, 4, 2, 0, 0, 4, 0, 0, 0, 1, 0, 0, 2, 0, 0, 0, 0, 7, 2, 0, 4, 5, 0, 0, 1, 1, 4, 0, 2, 0, 1, 0, 0, 3, 11, 1, 12, 0, 2, 0, 2]
Execution Time (s): 0.13160967826843262
Overall Time (s): 1277.057331085205


