Table 1: Results for Color02/03/04 instances:
Instance: queen5_5.col
Size: 25
True χ: 5
Predicted χ (GNN): 5
Predicted Colors: [4, 4, 4, 4, 4, 4, 4, 4, 4, 4, 4, 4, 4, 4, 4, 4, 4, 4, 4, 4, 4, 4, 4, 4, 4]

Instance: queen6_6.col
Size: 36
True χ: 7
Predicted χ (GNN): 7
Predicted Colors: [6, 6, 6, 6, 6, 6, 6, 6, 6, 6, 6, 6, 6, 6, 6, 6, 6, 6, 6, 6, 6, 6, 6, 6, 6, 6, 6, 6, 6, 6, 6, 6, 6, 6, 6, 6]

Instance: myciel5.col
Size: 47
True χ: 6
Predicted χ (GNN): 6
Predicted Colors: [0, 0, 1, 0, 1, 5, 1, 5, 0, 1, 4, 4, 1, 4, 2, 1, 0, 1, 4, 0, 1, 4, 4, 4, 1, 4, 4, 1, 4, 1, 4, 4, 1, 4, 4, 1, 4, 2, 1, 0, 1, 4, 0, 1, 4, 4, 4]

Instance: queen7_7.col
Size: 49
True χ: 7
Predicted χ (GNN): 5
Predicted Colors: [4, 4, 4, 4, 4, 4, 4, 4, 4, 4, 4, 4, 4, 4, 4, 4, 4, 4, 4, 4, 4, 4, 4, 4, 4, 4, 4, 4, 4, 4, 4, 4, 4, 4, 4, 4, 4, 4, 4, 4, 4, 4, 4, 4, 4, 4, 4, 4, 4]

Instance: queen8_8.col
Size: 64
True χ: 9
Predicted χ (GNN): 4
Predicted Colors: [3, 3, 3, 3, 3, 3, 3, 3, 3, 3, 3, 3, 3, 3, 3, 3, 3, 3, 3, 3, 3, 3, 3, 3, 3, 3, 3, 3, 3, 3, 3, 3, 3, 3, 3, 3, 3, 3, 3, 3, 3, 3, 3, 3, 3, 3, 3, 3, 3, 3, 3, 3, 3, 3, 3, 3, 3, 3, 3, 3, 3, 3, 3, 3]

Instance: 1-Insertions_4.col
Size: 67
True χ: 4
Predicted χ (GNN): 4
Predicted Colors: [2, 2, 0, 2, 2, 0, 1, 2, 0, 1, 2, 2, 0, 1, 0, 1, 0, 3, 2, 1, 3, 3, 2, 1, 0, 2, 2, 0, 0, 2, 0, 1, 2, 3, 0, 1, 0, 1, 0, 3, 3, 1, 3, 3, 3, 0, 0, 3, 3, 0, 0, 3, 3, 0, 3, 3, 3, 0, 3, 0, 3, 3, 3, 0, 3, 3, 3]

Instance: huck.col
Size: 74
True χ: 11
Predicted χ (GNN): 11
Predicted Colors: [10, 9, 10, 9, 10, 5, 7, 10, 10, 4, 10, 9, 10, 10, 6, 3, 9, 2, 9, 5, 5, 6, 9, 6, 10, 6, 9, 9, 10, 0, 10, 8, 1, 5, 0, 9, 4, 10, 5, 10, 9, 6, 9, 10, 8, 4, 9, 0, 1, 10, 9, 10, 10, 0, 9, 9, 9, 0, 10, 9, 6, 9, 4, 5, 3, 4, 9, 9, 4, 7, 8, 4, 9, 9]

Instance: jean.col
Size: 80
True χ: 10
Predicted χ (GNN): 10
Predicted Colors: [3, 8, 0, 0, 1, 9, 0, 8, 0, 1, 8, 3, 7, 9, 0, 9, 1, 4, 0, 1, 3, 1, 0, 9, 4, 0, 4, 0, 0, 6, 6, 9, 9, 0, 9, 0, 1, 1, 1, 4, 9, 8, 3, 4, 0, 3, 0, 9, 9, 0, 4, 1, 0, 3, 9, 8, 4, 9, 6, 3, 3, 3, 4, 6, 4, 0, 3, 0, 4, 7, 3, 0, 4, 6, 8, 0, 0, 3, 0, 9]

Instance: queen9_9.col
Size: 81
True χ: 10
Predicted χ (GNN): 1
Predicted Colors: [0, 0, 0, 0, 0, 0, 0, 0, 0, 0, 0, 0, 0, 0, 0, 0, 0, 0, 0, 0, 0, 0, 0, 0, 0, 0, 0, 0, 0, 0, 0, 0, 0, 0, 0, 0, 0, 0, 0, 0, 0, 0, 0, 0, 0, 0, 0, 0, 0, 0, 0, 0, 0, 0, 0, 0, 0, 0, 0, 0, 0, 0, 0, 0, 0, 0, 0, 0, 0, 0, 0, 0, 0, 0, 0, 0, 0, 0, 0, 0, 0]

Instance: david.col
Size: 87
True χ: 11
Predicted χ (GNN): 11
Predicted Colors: [0, 0, 3, 2, 7, 6, 3, 1, 6, 5, 1, 2, 3, 8, 6, 10, 3, 10, 3, 2, 2, 10, 3, 3, 3, 3, 3, 6, 3, 10, 2, 2, 3, 2, 3, 9, 3, 10, 10, 6, 5, 0, 3, 2, 3, 2, 6, 8, 10, 3, 3, 10, 0, 1, 2, 1, 6, 3, 10, 3, 6, 3, 10, 8, 5, 2, 3, 10, 1, 2, 10, 3, 3, 2, 2, 2, 10, 1, 0, 3, 0, 3, 8, 3, 3, 1, 3]

Instance: mug88_1.col
Size: 88
True χ: 4
Predicted χ (GNN): 4
Predicted Colors: [1, 1, 2, 1, 2, 2, 1, 2, 2, 2, 2, 1, 2, 1, 2, 1, 0, 1, 1, 0, 2, 2, 3, 0, 0, 2, 2, 3, 0, 2, 0, 2, 1, 2, 0, 2, 1, 1, 2, 1, 3, 2, 2, 2, 2, 2, 0, 1, 0, 2, 3, 3, 3, 3, 3, 1, 0, 0, 1, 2, 2, 1, 2, 2, 1, 0, 0, 1, 1, 1, 3, 3, 3, 2, 0, 0, 3, 1, 0, 2, 2, 2, 3, 0, 0, 3, 0, 0]

Instance: myciel6.col
Size: 95
True χ: 7
Predicted χ (GNN): 7
Predicted Colors: [6, 6, 2, 0, 2, 0, 6, 0, 0, 2, 3, 6, 3, 3, 3, 2, 3, 6, 3, 3, 2, 3, 3, 6, 3, 2, 3, 3, 3, 3, 3, 3, 3, 3, 6, 3, 3, 3, 2, 3, 6, 3, 3, 2, 3, 3, 3, 6, 3, 2, 3, 3, 3, 3, 3, 3, 3, 3, 6, 3, 3, 3, 3, 3, 6, 3, 3, 3, 3, 3, 6, 3, 2, 3, 3, 3, 3, 3, 3, 3, 3, 6, 3, 3, 3, 2, 3, 6, 3, 3, 2, 3, 3, 3, 3]

Instance: queen8_12.col
Size: 96
True χ: 12
Predicted χ (GNN): 3
Predicted Colors: [2, 2, 2, 2, 2, 2, 2, 2, 2, 2, 2, 2, 2, 2, 2, 2, 2, 2, 2, 2, 2, 2, 2, 2, 2, 2, 2, 2, 2, 2, 2, 2, 2, 2, 2, 2, 2, 2, 2, 2, 2, 2, 2, 2, 2, 2, 2, 2, 2, 2, 2, 2, 2, 2, 2, 2, 2, 2, 2, 2, 2, 2, 2, 2, 2, 2, 2, 2, 2, 2, 2, 2, 2, 2, 2, 2, 2, 2, 2, 2, 2, 2, 2, 2, 2, 2, 2, 2, 2, 2, 2, 2, 2, 2, 2, 2]

Instance: games120.col
Size: 120
True χ: 9
Predicted χ (GNN): 9
Predicted Colors: [3, 1, 7, 5, 6, 3, 3, 1, 1, 3, 3, 6, 3, 3, 6, 0, 6, 1, 7, 0, 3, 7, 6, 1, 3, 6, 6, 5, 0, 3, 1, 6, 1, 6, 4, 6, 0, 2, 6, 0, 3, 7, 7, 6, 0, 0, 0, 3, 5, 5, 1, 0, 1, 1, 3, 6, 0, 6, 0, 1, 5, 3, 2, 5, 0, 5, 7, 6, 6, 1, 1, 6, 1, 0, 3, 6, 1, 5, 6, 0, 0, 0, 3, 6, 5, 1, 3, 6, 0, 7, 7, 1, 8, 4, 6, 5, 6, 1, 5, 1, 6, 7, 7, 1, 7, 2, 5, 0, 5, 2, 6, 6, 0, 5, 6, 1, 7, 3, 5, 3]

Instance: queen11_11.col
Size: 121
True χ: 11
Predicted χ (GNN): 10
Predicted Colors: [9, 9, 9, 9, 9, 9, 9, 9, 9, 9, 9, 9, 9, 9, 9, 9, 9, 9, 9, 9, 9, 9, 9, 9, 9, 9, 9, 9, 9, 9, 9, 9, 9, 9, 9, 9, 9, 9, 9, 9, 9, 9, 9, 9, 9, 9, 9, 9, 9, 9, 9, 9, 9, 9, 9, 9, 9, 9, 9, 9, 9, 9, 9, 9, 9, 9, 9, 9, 9, 9, 9, 9, 9, 9, 9, 9, 9, 9, 9, 9, 9, 9, 9, 9, 9, 9, 9, 9, 9, 9, 9, 9, 9, 9, 9, 9, 9, 9, 9, 9, 9, 9, 9, 9, 9, 9, 9, 9, 9, 9, 9, 9, 9, 9, 9, 9, 9, 9, 9, 9, 9]

Instance: anna.col
Size: 138
True χ: 11
Predicted χ (GNN): 9
Predicted Colors: [1, 0, 3, 1, 0, 3, 0, 1, 3, 0, 1, 0, 3, 3, 3, 0, 2, 3, 3, 0, 3, 7, 3, 0, 0, 4, 5, 6, 0, 0, 1, 7, 0, 6, 6, 0, 0, 0, 3, 1, 3, 0, 6, 3, 0, 3, 8, 1, 0, 3, 0, 0, 3, 7, 3, 8, 7, 8, 3, 3, 0, 1, 3, 0, 0, 2, 7, 3, 0, 7, 1, 7, 7, 0, 3, 0, 7, 3, 6, 1, 4, 0, 3, 8, 8, 3, 1, 3, 8, 6, 4, 3, 0, 6, 0, 3, 0, 0, 0, 0, 7, 8, 3, 0, 3, 0, 1, 0, 0, 0, 8, 0, 6, 3, 0, 0, 3, 8, 1, 7, 1, 6, 3, 0, 1, 8, 3, 0, 1, 3, 0, 1, 0, 8, 0, 0, 0, 0]

Instance: 2-Insertions_4.col
Size: 149
True χ: 4
Predicted χ (GNN): 4
Predicted Colors: [2, 2, 2, 2, 2, 1, 1, 3, 3, 2, 2, 2, 2, 2, 3, 1, 3, 2, 3, 1, 3, 3, 3, 2, 3, 2, 3, 1, 3, 0, 3, 2, 3, 2, 2, 2, 0, 2, 1, 2, 2, 2, 1, 2, 3, 3, 1, 0, 1, 2, 2, 3, 2, 3, 2, 3, 1, 3, 1, 3, 0, 3, 2, 2, 1, 3, 1, 3, 2, 3, 0, 2, 2, 0, 3, 3, 3, 3, 3, 2, 3, 3, 2, 1, 3, 1, 3, 3, 3, 3, 3, 2, 3, 0, 3, 1, 3, 0, 3, 2, 2, 1, 3, 1, 3, 3, 3, 3, 3, 3, 3, 3, 3, 3, 3, 3, 3, 2, 2, 0, 0, 3, 0, 3, 0, 3, 2, 2, 3, 3, 1, 3, 3, 1, 0, 2, 2, 0, 0, 3, 0, 0, 3, 3, 3, 0, 3, 1, 0]

Instance: queen13_13.col
Size: 169
True χ: 13
Predicted χ (GNN): 13
Predicted Colors: [12, 12, 12, 12, 12, 12, 12, 12, 12, 12, 12, 12, 12, 12, 12, 12, 12, 12, 12, 12, 12, 12, 12, 12, 12, 12, 12, 12, 12, 12, 12, 12, 12, 12, 12, 12, 12, 12, 12, 12, 12, 12, 12, 12, 12, 12, 12, 12, 12, 12, 12, 12, 12, 12, 12, 12, 12, 12, 12, 12, 12, 12, 12, 12, 12, 12, 12, 12, 12, 12, 12, 12, 12, 12, 12, 12, 12, 12, 12, 12, 12, 12, 12, 12, 12, 12, 12, 12, 12, 12, 12, 12, 12, 12, 12, 12, 12, 12, 12, 12, 12, 12, 12, 12, 12, 12, 12, 12, 12, 12, 12, 12, 12, 12, 12, 12, 12, 12, 12, 12, 12, 12, 12, 12, 12, 12, 12, 12, 12, 12, 12, 12, 12, 12, 12, 12, 12, 12, 12, 12, 12, 12, 12, 12, 12, 12, 12, 12, 12, 12, 12, 12, 12, 12, 12, 12, 12, 12, 12, 12, 12, 12, 12, 12, 12, 12, 12, 12, 12]

Instance: myciel7.col
Size: 191
True χ: 8
Predicted χ (GNN): 7
Predicted Colors: [6, 2, 0, 2, 3, 3, 2, 3, 3, 3, 3, 3, 4, 3, 3, 3, 3, 4, 3, 3, 3, 3, 4, 3, 4, 4, 3, 3, 3, 4, 4, 3, 3, 3, 3, 4, 4, 3, 3, 3, 4, 4, 3, 3, 3, 4, 4, 4, 4, 4, 3, 3, 4, 4, 4, 4, 4, 4, 4, 4, 4, 4, 3, 4, 4, 4, 4, 4, 4, 4, 3, 4, 4, 3, 3, 3, 4, 4, 4, 4, 3, 3, 4, 4, 3, 3, 3, 4, 4, 4, 4, 3, 4, 4, 4, 4, 4, 4, 4, 4, 4, 4, 4, 4, 4, 4, 4, 4, 4, 4, 4, 4, 4, 4, 4, 4, 4, 4, 4, 4, 4, 4, 4, 4, 4, 4, 4, 4, 4, 4, 4, 4, 4, 4, 4, 4, 4, 4, 4, 4, 4, 4, 4, 4, 4, 4, 3, 4, 4, 4, 4, 4, 4, 4, 4, 4, 4, 3, 4, 4, 4, 4, 4, 4, 4, 3, 4, 4, 3, 3, 4, 4, 4, 4, 4, 3, 3, 4, 4, 3, 3, 4, 4, 4, 4, 4, 3, 4, 4, 4, 4]

Instance: homer.col
Size: 561
True χ: 13
Predicted χ (GNN): 13
Predicted Colors: [11, 6, 3, 1, 2, 11, 2, 6, 11, 2, 0, 11, 2, 11, 4, 11, 0, 7, 6, 2, 0, 0, 7, 3, 0, 6, 4, 3, 0, 11, 11, 0, 12, 11, 2, 1, 12, 12, 6, 3, 11, 0, 5, 7, 7, 2, 11, 7, 2, 3, 2, 1, 0, 6, 2, 7, 0, 11, 10, 6, 6, 7, 2, 2, 11, 6, 4, 0, 0, 6, 7, 11, 7, 2, 0, 0, 6, 0, 12, 9, 6, 11, 0, 1, 11, 11, 0, 7, 7, 6, 11, 4, 11, 5, 6, 1, 3, 11, 11, 11, 11, 6, 6, 4, 11, 12, 7, 11, 6, 6, 2, 11, 11, 2, 3, 12, 11, 6, 11, 11, 6, 11, 0, 6, 7, 3, 3, 3, 12, 6, 11, 0, 0, 0, 11, 6, 6, 4, 12, 9, 5, 3, 1, 2, 6, 6, 11, 3, 2, 2, 6, 2, 0, 2, 3, 7, 2, 1, 4, 3, 2, 6, 6, 11, 5, 6, 6, 6, 6, 6, 0, 9, 11, 6, 1, 11, 11, 11, 10, 2, 1, 6, 0, 6, 7, 3, 5, 0, 2, 2, 12, 7, 6, 6, 7, 2, 1, 9, 11, 11, 0, 11, 0, 0, 0, 7, 0, 0, 6, 0, 6, 10, 0, 2, 12, 11, 5, 2, 0, 2, 2, 0, 11, 11, 10, 0, 0, 7, 0, 11, 7, 1, 8, 12, 6, 0, 0, 4, 4, 10, 0, 2, 4, 7, 5, 2, 0, 12, 6, 2, 6, 2, 7, 0, 6, 12, 8, 0, 3, 1, 9, 2, 12, 6, 7, 0, 2, 8, 9, 7, 6, 1, 6, 11, 6, 6, 2, 5, 7, 11, 3, 7, 11, 1, 11, 3, 3, 0, 3, 6, 9, 0, 6, 6, 2, 11, 11, 7, 3, 0, 11, 5, 2, 5, 10, 6, 9, 11, 12, 2, 2, 12, 7, 2, 7, 11, 2, 12, 2, 6, 11, 0, 1, 2, 2, 2, 4, 11, 7, 2, 2, 12, 6, 2, 11, 0, 0, 0, 2, 3, 3, 2, 11, 4, 6, 5, 11, 3, 0, 1, 6, 11, 2, 11, 11, 6, 0, 1, 6, 11, 11, 7, 6, 6, 6, 9, 11, 0, 0, 6, 2, 11, 7, 0, 7, 7, 9, 11, 6, 0, 2, 6, 5, 6, 0, 11, 2, 7, 10, 12, 3, 12, 6, 6, 5, 6, 2, 11, 2, 2, 4, 6, 5, 11, 6, 6, 2, 0, 11, 2, 1, 4, 9, 6, 11, 11, 7, 6, 6, 0, 0, 2, 7, 6, 3, 6, 6, 6, 11, 11, 12, 7, 0, 11, 6, 11, 2, 6, 6, 5, 6, 7, 3, 10, 2, 7, 0, 6, 10, 1, 6, 2, 12, 0, 3, 6, 2, 6, 6, 0, 1, 11, 11, 0, 0, 2, 5, 7, 11, 7, 11, 9, 12, 11, 6, 2, 6, 11, 6, 0, 6, 11, 2, 6, 11, 7, 0, 0, 2, 4, 2, 7, 1, 0, 6, 2, 3, 2, 6, 11, 3, 3, 6, 6, 11, 3, 10, 6, 0, 2, 12, 11, 2, 10, 4, 9, 0, 12, 6, 4, 11, 6, 1, 2, 6, 2, 6, 12, 6, 3, 6, 1, 7, 6, 6, 11, 6, 11, 6, 7, 2, 6, 7, 1, 2, 2, 2, 11, 2, 2, 0, 11, 7, 6, 11, 6, 4, 6, 7, 0, 7]

