1. Valid solution found!
1. True X: 5
1. Predicted Colors: [1, 2, 3, 4, 4, 5, 2, 2, 5, 1, 2, 5, 1, 5, 2, 3, 3, 1, 2, 3, 2, 4, 5, 1, 3, 1, 2, 5, 2, 4, 5, 4, 1, 2, 5, 3, 2, 1, 2, 3, 2, 5, 2, 1, 3, 5, 4, 2, 3, 5, 3, 1, 4, 1, 1, 1, 4, 3, 4, 5, 1, 2, 5, 1, 2, 5, 4, 4, 1, 3, 5, 3, 2, 1, 5, 3, 2, 5, 4, 2, 5, 1, 2, 1, 5, 4, 2, 1]

2. Valid solution found!
2. True X: 5
2. Predicted Colors: [1, 2, 1, 3, 3, 4, 4, 3, 4, 1, 4, 1, 5, 2, 4, 5, 4, 1, 3, 5, 2, 4, 4, 1, 3, 4, 3, 2, 2, 3, 1, 1, 4, 3, 1, 3, 2, 4, 3, 1, 2, 4, 1, 1, 3, 5, 2, 3, 4, 3, 4, 5, 3, 2, 1, 4, 2, 1, 3, 4, 1, 3, 1, 4, 3, 1, 4, 5, 4, 2, 3, 1, 2, 2, 5, 1, 2, 3, 5, 1, 5, 3, 4, 3, 2, 3, 5, 2]

3. Valid solution found!
3. True X: 5
3. Predicted Colors: [1, 2, 3, 4, 2, 5, 3, 4, 5, 1, 5, 2, 3, 1, 2, 3, 3, 5, 2, 3, 5, 5, 3, 2, 1, 4, 2, 1, 2, 3, 4, 2, 3, 3, 5, 3, 4, 3, 5, 4, 3, 1, 2, 2, 5, 3, 1, 5, 2, 5, 1, 2, 5, 3, 4, 3, 5, 2, 4, 1, 5, 5, 2, 1, 3, 1, 5, 2, 3, 1, 5, 2, 3, 1, 3, 4, 1, 2, 5, 5, 2, 4, 2, 5, 1, 5, 2, 1]

4. Valid solution found!
4. True X: 5
4. Predicted Colors: [1, 2, 2, 3, 4, 5, 4, 4, 2, 5, 2, 5, 1, 5, 4, 2, 3, 1, 4, 4, 5, 4, 2, 1, 4, 1, 2, 5, 1, 4, 2, 5, 4, 4, 2, 1, 2, 4, 1, 2, 5, 2, 5, 5, 4, 1, 1, 3, 5, 2, 1, 4, 1, 5, 3, 4, 2, 3, 2, 1, 5, 1, 2, 4, 3, 2, 4, 4, 2, 5, 4, 1, 5, 5, 2, 4, 5, 2, 1, 1, 4, 2, 1, 4, 2, 1, 4, 5]

5. Valid solution found!
5. True X: 5
5. Predicted Colors: [1, 2, 3, 1, 1, 2, 2, 2, 3, 4, 4, 2, 3, 3, 2, 5, 2, 1, 3, 3, 5, 2, 2, 3, 1, 2, 4, 3, 5, 3, 2, 2, 5, 3, 4, 3, 2, 3, 2, 5, 1, 5, 2, 2, 3, 5, 4, 1, 2, 5, 3, 4, 3, 2, 5, 5, 4, 2, 3, 5, 2, 3, 5, 1, 3, 1, 2, 2, 4, 3, 1, 5, 3, 2, 4, 3, 5, 3, 1, 3, 1, 2, 3, 4, 1, 3, 1, 5]

6. Valid solution found!
6. True X: 5
6. Predicted Colors: [1, 2, 1, 3, 2, 3, 4, 2, 5, 1, 2, 1, 4, 1, 3, 2, 3, 1, 5, 2, 5, 4, 5, 4, 2, 1, 3, 5, 3, 5, 2, 4, 5, 3, 2, 5, 4, 1, 4, 5, 3, 1, 5, 3, 2, 1, 5, 1, 2, 1, 2, 2, 5, 2, 3, 3, 4, 5, 2, 5, 1, 3, 2, 4, 5, 2, 4, 3, 5, 2, 4, 1, 5, 5, 4, 3, 4, 1, 2, 3, 1, 5, 1, 5, 2, 2, 1, 5]

7. Valid solution found!
7. True X: 5
7. Predicted Colors: [1, 2, 2, 3, 1, 4, 3, 4, 2, 1, 4, 2, 5, 5, 2, 1, 3, 2, 4, 2, 4, 1, 1, 2, 3, 1, 4, 2, 5, 1, 2, 1, 3, 4, 2, 3, 4, 4, 1, 3, 2, 4, 5, 1, 4, 2, 4, 1, 3, 4, 5, 3, 4, 1, 5, 4, 5, 1, 4, 3, 2, 1, 4, 2, 2, 4, 1, 4, 2, 5, 4, 2, 3, 1, 2, 3, 4, 5, 1, 5, 1, 4, 1, 4, 3, 2, 5, 1]

8. Valid solution found!
8. True X: 5
8. Predicted Colors: [1, 2, 3, 1, 4, 2, 2, 5, 4, 1, 2, 2, 4, 1, 4, 5, 2, 1, 4, 3, 2, 1, 2, 1, 4, 1, 5, 2, 3, 1, 4, 1, 2, 2, 3, 2, 4, 1, 5, 2, 5, 1, 2, 1, 5, 2, 5, 3, 4, 4, 1, 2, 3, 2, 5, 2, 5, 1, 4, 2, 1, 1, 4, 3, 3, 5, 2, 2, 3, 1, 1, 4, 2, 1, 2, 4, 4, 3, 1, 4, 5, 2, 2, 5, 1, 5, 4, 1]

9. Valid solution found!
9. True X: 5
9. Predicted Colors: [1, 2, 3, 4, 5, 4, 2, 1, 5, 4, 5, 3, 1, 5, 3, 1, 5, 4, 3, 3, 4, 5, 2, 5, 3, 5, 4, 1, 2, 1, 3, 4, 5, 5, 4, 5, 2, 4, 3, 2, 2, 4, 5, 1, 2, 3, 5, 3, 4, 1, 5, 5, 3, 4, 1, 5, 4, 1, 3, 1, 4, 1, 3, 4, 3, 4, 5, 4, 1, 5, 1, 5, 4, 5, 4, 1, 5, 3, 4, 3, 2, 4, 5, 1, 4, 4, 3, 5]

10. Valid solution found!
10. True X: 5
10. Predicted Colors: [1, 2, 2, 3, 3, 4, 2, 5, 3, 1, 3, 4, 5, 1, 2, 4, 4, 2, 3, 4, 3, 1, 2, 3, 5, 4, 2, 3, 1, 2, 4, 4, 3, 3, 4, 2, 1, 4, 3, 2, 3, 5, 1, 1, 2, 3, 2, 4, 1, 3, 2, 4, 3, 4, 4, 3, 2, 4, 3, 1, 4, 2, 3, 4, 4, 5, 3, 3, 5, 1, 3, 4, 1, 2, 1, 3, 3, 1, 4, 1, 3, 4, 3, 2, 1, 3, 1, 2]

1. Valid solution found!
1. True X: 5
1. Predicted Colors: [1, 2, 1, 3, 2, 4, 5, 2, 5, 4, 2, 5, 4, 2, 1, 5, 3, 1, 2, 1, 5, 2, 5, 1, 3, 2, 1, 3, 4, 5, 2, 5, 4, 2, 1, 4, 2, 4, 3, 5, 4, 2, 5, 5, 2, 4, 4, 2, 1, 2, 3, 5, 1, 2, 3, 5, 4, 1, 4, 1, 5, 1, 2, 5, 2, 1, 5, 4, 1, 5, 5, 3, 1, 2, 1, 5, 2, 4, 1, 2, 4, 5, 5, 2, 4, 5, 3, 4]

2. Valid solution found!
2. True X: 5
2. Predicted Colors: [1, 2, 2, 1, 3, 2, 2, 4, 3, 5, 4, 4, 2, 5, 1, 2, 2, 4, 1, 2, 3, 5, 4, 1, 3, 1, 4, 2, 2, 1, 4, 5, 2, 1, 4, 2, 1, 4, 2, 1, 1, 4, 1, 1, 5, 2, 1, 2, 5, 5, 3, 4, 5, 1, 4, 5, 4, 3, 4, 1, 5, 3, 1, 4, 2, 1, 3, 2, 5, 1, 5, 2, 1, 4, 5, 1, 2, 5, 1, 2, 4, 1, 2, 1, 4, 2, 5, 1]

3. Valid solution found!
3. True X: 5
3. Predicted Colors: [1, 2, 3, 4, 5, 3, 4, 5, 4, 2, 1, 5, 2, 2, 3, 5, 5, 2, 4, 2, 4, 2, 2, 4, 5, 5, 1, 4, 3, 5, 4, 4, 5, 5, 2, 4, 2, 5, 4, 3, 1, 5, 4, 3, 4, 2, 2, 3, 1, 2, 5, 5, 3, 5, 2, 5, 4, 2, 5, 3, 4, 4, 5, 2, 3, 2, 4, 3, 5, 2, 4, 5, 1, 1, 4, 5, 4, 2, 5, 1, 2, 4, 5, 4, 3, 3, 5, 4]

4. Valid solution found!
4. True X: 4
4. Predicted Colors: [1, 2, 2, 3, 3, 4, 3, 3, 1, 4, 1, 2, 4, 4, 3, 2, 2, 3, 4, 2, 4, 3, 3, 1, 2, 3, 2, 1, 1, 2, 3, 3, 1, 2, 1, 4, 2, 1, 3, 2, 2, 1, 4, 3, 1, 4, 3, 2, 1, 2, 3, 1, 1, 3, 4, 4, 3, 1, 4, 1, 2, 4, 3, 2, 4, 2, 3, 3, 2, 1, 4, 3, 2, 1, 3, 4, 2, 4, 1, 3, 4, 2, 3, 1, 2, 3, 4, 2]

5. Valid solution found!
5. True X: 5
5. Predicted Colors: [1, 2, 3, 4, 5, 2, 3, 4, 3, 5, 1, 2, 5, 1, 2, 4, 3, 5, 1, 3, 5, 2, 3, 5, 4, 3, 1, 5, 2, 5, 4, 5, 1, 4, 2, 1, 2, 3, 2, 5, 5, 1, 2, 5, 3, 1, 1, 5, 3, 5, 4, 3, 5, 1, 1, 2, 5, 3, 4, 2, 3, 5, 3, 2, 3, 4, 1, 5, 4, 3, 5, 1, 3, 5, 2, 3, 4, 5, 1, 1, 5, 2, 2, 3, 5, 1, 5, 3]

6. Valid solution found!
6. True X: 5
6. Predicted Colors: [1, 2, 2, 3, 3, 2, 4, 4, 2, 5, 2, 5, 1, 1, 2, 5, 1, 2, 3, 4, 1, 1, 2, 1, 3, 5, 2, 4, 1, 5, 2, 1, 4, 3, 1, 2, 5, 5, 1, 2, 5, 1, 5, 4, 3, 5, 2, 5, 1, 2, 1, 4, 5, 1, 3, 3, 2, 1, 5, 1, 4, 1, 3, 5, 4, 3, 5, 2, 5, 4, 3, 5, 1, 2, 3, 1, 4, 3, 2, 2, 4, 5, 5, 1, 3, 1, 4, 5]

7. Valid solution found!
7. True X: 5
7. Predicted Colors: [1, 2, 1, 3, 3, 4, 2, 3, 4, 5, 3, 1, 5, 5, 2, 4, 4, 3, 2, 2, 4, 2, 5, 3, 2, 2, 5, 4, 3, 4, 2, 2, 4, 3, 1, 4, 2, 4, 3, 1, 5, 1, 3, 4, 2, 3, 4, 5, 1, 4, 3, 2, 3, 5, 1, 3, 4, 5, 3, 1, 2, 1, 5, 2, 2, 4, 5, 4, 5, 2, 4, 1, 3, 5, 4, 2, 4, 1, 3, 1, 5, 4, 4, 5, 2, 3, 4, 2]

8. Valid solution found!
8. True X: 5
8. Predicted Colors: [1, 2, 1, 3, 2, 4, 5, 4, 3, 1, 2, 1, 5, 5, 3, 4, 5, 1, 2, 4, 2, 5, 2, 3, 5, 5, 4, 3, 2, 1, 5, 5, 1, 4, 1, 5, 2, 1, 5, 2, 1, 2, 5, 3, 2, 5, 5, 4, 2, 2, 5, 5, 5, 2, 1, 1, 5, 2, 2, 4, 5, 4, 1, 2, 2, 1, 3, 4, 1, 2, 5, 4, 2, 4, 2, 5, 1, 4, 2, 2, 3, 4, 4, 5, 2, 5, 3, 4]

9. Valid solution found!
9. True X: 5
9. Predicted Colors: [1, 2, 1, 3, 4, 3, 5, 3, 1, 5, 1, 1, 2, 5, 3, 2, 3, 4, 1, 5, 2, 2, 5, 4, 2, 4, 5, 1, 4, 3, 5, 5, 4, 4, 1, 2, 1, 4, 3, 1, 1, 3, 1, 3, 4, 1, 5, 1, 4, 5, 2, 4, 5, 2, 3, 1, 5, 3, 3, 5, 1, 3, 1, 4, 3, 5, 1, 2, 4, 5, 3, 2, 1, 4, 5, 3, 4, 3, 1, 3, 4, 5, 4, 1, 3, 5, 4, 3]

10. Valid solution found!
10. True X: 5
10. Predicted Colors: [1, 2, 1, 1, 3, 2, 4, 4, 3, 5, 1, 3, 5, 3, 2, 1, 1, 2, 4, 4, 3, 5, 3, 1, 4, 1, 4, 3, 3, 4, 1, 4, 3, 2, 1, 4, 1, 1, 2, 4, 1, 3, 1, 3, 4, 2, 2, 4, 1, 3, 2, 4, 3, 4, 4, 2, 3, 4, 3, 1, 4, 4, 3, 2, 2, 1, 4, 1, 4, 3, 2, 1, 3, 4, 1, 3, 4, 1, 3, 3, 1, 4, 2, 3, 4, 5, 3, 2]

1. Valid solution found!
1. True X: 5
1. Predicted Colors: [1, 2, 1, 3, 4, 3, 2, 4, 3, 1, 4, 5, 1, 4, 3, 5, 2, 4, 1, 4, 3, 4, 1, 4, 5, 4, 1, 5, 5, 1, 3, 1, 2, 4, 1, 4, 1, 4, 3, 1, 2, 1, 3, 3, 4, 2, 2, 4, 5, 4, 1, 1, 4, 5, 2, 1, 3, 2, 4, 1, 2, 4, 1, 2, 4, 2, 1, 3, 1, 4, 1, 3, 4, 5, 1, 3, 5, 4, 1, 4, 3, 2, 1, 5, 2, 5, 2, 4]

2. Valid solution found!
2. True X: 5
2. Predicted Colors: [1, 2, 2, 3, 4, 3, 5, 5, 4, 3, 3, 4, 5, 1, 5, 3, 2, 4, 1, 1, 4, 4, 1, 5, 2, 3, 5, 1, 1, 4, 3, 4, 1, 2, 3, 1, 3, 1, 5, 3, 1, 2, 4, 1, 3, 2, 1, 4, 3, 3, 4, 5, 4, 1, 3, 1, 3, 4, 1, 2, 5, 3, 4, 5, 4, 2, 5, 3, 4, 1, 2, 4, 5, 3, 2, 5, 5, 4, 1, 2, 1, 3, 5, 2, 1, 2, 1, 4]

3. Valid solution found!
3. True X: 5
3. Predicted Colors: [1, 2, 2, 3, 3, 2, 4, 5, 1, 3, 1, 1, 2, 2, 1, 3, 4, 5, 1, 2, 5, 5, 3, 1, 4, 3, 1, 2, 1, 5, 2, 2, 3, 1, 2, 4, 2, 5, 3, 4, 4, 5, 1, 2, 3, 1, 4, 3, 2, 2, 1, 1, 1, 5, 4, 1, 4, 3, 2, 1, 4, 2, 5, 3, 2, 5, 3, 3, 5, 1, 4, 3, 1, 2, 4, 1, 5, 2, 1, 5, 2, 4, 3, 1, 5, 4, 1, 3]

4. Valid solution found!
4. True X: 5
4. Predicted Colors: [1, 2, 3, 4, 1, 3, 4, 5, 2, 1, 1, 1, 5, 3, 2, 1, 4, 3, 5, 5, 1, 1, 4, 5, 2, 2, 5, 4, 1, 5, 3, 4, 5, 5, 1, 4, 3, 3, 2, 5, 5, 4, 3, 5, 4, 1, 4, 5, 3, 1, 4, 4, 3, 5, 5, 5, 3, 4, 1, 5, 3, 4, 3, 5, 5, 4, 3, 5, 3, 4, 1, 2, 3, 2, 3, 1, 3, 5, 1, 3, 5, 1, 3, 5, 1, 5, 3, 4]

5. Valid solution found!
5. True X: 5
5. Predicted Colors: [1, 2, 2, 1, 3, 2, 3, 4, 3, 5, 4, 4, 5, 4, 1, 2, 4, 1, 3, 2, 4, 3, 4, 5, 1, 3, 4, 2, 4, 2, 3, 3, 4, 2, 4, 1, 2, 4, 3, 2, 1, 3, 5, 3, 2, 4, 3, 2, 1, 1, 4, 4, 3, 5, 4, 4, 5, 1, 2, 1, 5, 2, 4, 5, 2, 1, 3, 3, 2, 4, 4, 2, 1, 1, 5, 3, 3, 2, 4, 1, 2, 3, 2, 3, 1, 1, 3, 2]

6. Valid solution found!
6. True X: 5
6. Predicted Colors: [1, 2, 2, 3, 3, 2, 2, 4, 1, 3, 3, 2, 4, 3, 2, 4, 1, 3, 2, 2, 3, 3, 4, 3, 5, 2, 1, 4, 5, 2, 1, 2, 3, 4, 1, 5, 2, 5, 2, 1, 4, 3, 1, 2, 4, 3, 4, 3, 2, 4, 3, 1, 3, 2, 2, 3, 2, 1, 3, 1, 2, 1, 3, 2, 2, 4, 3, 2, 3, 1, 4, 2, 3, 5, 2, 1, 2, 4, 1, 3, 2, 5, 1, 4, 3, 1, 5, 3]

7. Valid solution found!
7. True X: 4
7. Predicted Colors: [1, 2, 2, 3, 4, 2, 3, 4, 2, 3, 2, 2, 1, 4, 1, 2, 2, 1, 4, 2, 1, 3, 2, 3, 4, 4, 1, 2, 4, 3, 1, 4, 2, 2, 1, 2, 4, 4, 3, 2, 2, 4, 3, 4, 1, 2, 4, 3, 1, 1, 4, 4, 1, 4, 3, 2, 1, 4, 4, 3, 1, 3, 1, 4, 4, 3, 2, 1, 2, 4, 1, 4, 2, 3, 2, 1, 3, 4, 1, 2, 1, 3, 4, 2, 1, 1, 2, 4]

8. Valid solution found!
8. True X: 5
8. Predicted Colors: [1, 2, 1, 3, 4, 3, 3, 3, 5, 4, 5, 4, 2, 4, 3, 1, 5, 2, 3, 5, 2, 3, 1, 2, 4, 3, 1, 4, 3, 4, 1, 1, 3, 2, 4, 3, 4, 4, 1, 3, 1, 3, 4, 4, 3, 2, 5, 4, 1, 5, 3, 3, 4, 2, 2, 2, 3, 1, 5, 3, 1, 1, 5, 4, 3, 4, 2, 2, 4, 3, 4, 3, 1, 4, 1, 3, 3, 1, 4, 4, 5, 1, 4, 5, 1, 5, 1, 3]

9. Valid solution found!
9. True X: 5
9. Predicted Colors: [1, 2, 1, 1, 3, 2, 2, 3, 1, 4, 5, 2, 4, 2, 5, 3, 1, 2, 4, 4, 3, 2, 2, 4, 5, 1, 4, 3, 4, 1, 2, 3, 5, 4, 1, 3, 1, 3, 2, 1, 4, 3, 1, 4, 3, 1, 4, 1, 3, 4, 1, 3, 4, 3, 3, 1, 2, 3, 4, 1, 2, 4, 1, 2, 4, 3, 1, 5, 3, 1, 1, 3, 4, 3, 4, 2, 3, 1, 5, 1, 3, 2, 4, 1, 2, 5, 2, 3]

10. Valid solution found!
10. True X: 5
10. Predicted Colors: [1, 2, 3, 4, 4, 2, 4, 5, 4, 2, 4, 3, 5, 1, 5, 4, 4, 2, 5, 1, 2, 1, 2, 4, 5, 5, 4, 2, 2, 3, 4, 2, 5, 3, 5, 3, 2, 4, 1, 3, 5, 4, 2, 5, 2, 4, 2, 4, 5, 4, 2, 2, 4, 5, 2, 5, 1, 4, 3, 5, 2, 2, 5, 4, 3, 5, 4, 4, 2, 5, 2, 5, 3, 2, 5, 1, 4, 5, 1, 5, 3, 4, 5, 2, 4, 1, 3, 4]

