3. Valid solution found!
3. True X: 15
3. Predicted Colors: [1, 2, 3, 4, 5, 6, 7, 8, 9, 8, 4, 10, 2, 11, 9, 12, 1, 13, 14, 6, 9, 7, 13, 2, 11, 10, 5, 2, 11, 12, 15, 1, 7, 3, 13, 8, 7, 3, 6, 13, 2, 14, 8, 15, 10, 9, 5, 15, 8, 7, 10, 4, 6, 1, 10, 7, 13, 6, 15, 1, 5, 11, 14, 11, 14, 2, 12, 9, 4, 10, 7, 3, 15, 12, 4, 10, 3, 13, 2, 9, 11]

4. Valid solution found!
4. True X: 15
4. Predicted Colors: [1, 2, 3, 4, 5, 6, 7, 8, 9, 10, 11, 8, 2, 9, 12, 13, 3, 14, 12, 14, 7, 13, 8, 1, 6, 10, 2, 2, 9, 5, 10, 15, 4, 8, 11, 12, 15, 1, 4, 6, 12, 7, 9, 5, 13, 11, 6, 9, 7, 4, 8, 14, 12, 10, 9, 3, 10, 5, 6, 13, 4, 1, 7, 7, 8, 6, 1, 10, 14, 2, 9, 4, 13, 15, 12, 9, 2, 11, 1, 7, 5]

8. Valid solution found!
8. True X: 16
8. Predicted Colors: [1, 2, 3, 4, 5, 6, 7, 8, 9, 10, 6, 8, 11, 2, 12, 4, 3, 13, 2, 14, 9, 13, 15, 5, 11, 16, 4, 7, 15, 12, 8, 9, 16, 6, 2, 5, 16, 5, 4, 15, 13, 3, 8, 7, 6, 3, 9, 16, 1, 11, 10, 12, 13, 8, 6, 13, 14, 12, 16, 9, 15, 5, 2, 12, 10, 5, 6, 8, 7, 2, 14, 11, 5, 7, 15, 16, 1, 11, 13, 4, 12]

9. Valid solution found!
9. True X: 15
9. Predicted Colors: [1, 2, 3, 4, 5, 6, 7, 8, 9, 8, 9, 10, 11, 2, 12, 1, 3, 4, 2, 5, 12, 3, 4, 9, 11, 13, 1, 12, 14, 4, 10, 11, 1, 3, 6, 5, 9, 10, 6, 7, 13, 5, 8, 1, 15, 7, 11, 5, 8, 14, 4, 15, 2, 6, 3, 12, 7, 1, 9, 2, 14, 4, 10, 10, 6, 8, 15, 7, 3, 9, 5, 13, 5, 15, 2, 6, 10, 8, 4, 12, 7]

2. Valid solution found!
2. True X: 14
2. Predicted Colors: [1, 2, 3, 4, 5, 6, 7, 8, 9, 4, 9, 1, 10, 7, 11, 5, 12, 6, 8, 7, 4, 12, 6, 3, 2, 13, 11, 2, 12, 11, 13, 14, 4, 9, 10, 1, 7, 4, 2, 6, 11, 5, 1, 14, 13, 5, 1, 13, 14, 8, 12, 6, 7, 2, 9, 10, 6, 7, 3, 13, 8, 4, 12, 11, 5, 14, 2, 9, 10, 12, 6, 8, 10, 3, 7, 11, 12, 8, 13, 2, 5]

4. Valid solution found!
4. True X: 16
4. Predicted Colors: [1, 2, 3, 4, 5, 6, 7, 8, 9, 5, 10, 11, 1, 12, 3, 13, 14, 4, 7, 3, 13, 14, 9, 15, 11, 10, 2, 10, 9, 15, 8, 4, 12, 2, 13, 14, 4, 5, 2, 7, 6, 8, 10, 16, 15, 8, 12, 9, 10, 14, 11, 6, 7, 5, 6, 14, 1, 12, 8, 4, 16, 9, 13, 2, 13, 7, 3, 11, 14, 8, 5, 16, 3, 16, 14, 9, 10, 1, 12, 6, 7]

10. Valid solution found!
10. True X: 16
10. Predicted Colors: [1, 2, 3, 4, 5, 6, 7, 8, 9, 10, 7, 11, 12, 13, 1, 3, 14, 6, 4, 9, 6, 1, 8, 7, 15, 5, 3, 7, 8, 2, 5, 12, 11, 16, 4, 1, 9, 4, 14, 11, 2, 15, 6, 3, 7, 3, 6, 1, 13, 7, 16, 5, 10, 14, 13, 5, 8, 3, 1, 12, 9, 7, 15, 6, 3, 13, 7, 15, 2, 1, 11, 4, 16, 11, 9, 2, 3, 8, 12, 15, 10]

1. Valid solution found!
1. True X: 16
1. Predicted Colors: [1, 2, 3, 4, 5, 6, 7, 8, 9, 9, 10, 5, 2, 11, 4, 12, 6, 7, 6, 7, 11, 13, 12, 5, 8, 14, 3, 8, 3, 14, 15, 9, 7, 2, 10, 5, 14, 15, 9, 16, 3, 8, 6, 7, 12, 4, 6, 7, 12, 10, 16, 11, 15, 8, 11, 14, 4, 6, 13, 3, 5, 16, 10, 15, 16, 1, 11, 4, 2, 13, 12, 6, 13, 5, 12, 8, 7, 9, 16, 1, 4]

3. Valid solution found!
3. True X: 16
3. Predicted Colors: [1, 2, 3, 4, 5, 6, 7, 8, 9, 4, 10, 11, 12, 8, 2, 5, 3, 1, 5, 12, 7, 13, 10, 1, 4, 9, 2, 9, 6, 1, 8, 7, 14, 12, 11, 10, 11, 5, 15, 9, 13, 3, 1, 7, 14, 2, 4, 12, 1, 11, 16, 8, 13, 5, 3, 11, 2, 7, 4, 15, 6, 10, 8, 6, 7, 8, 15, 2, 11, 13, 12, 4, 15, 14, 6, 5, 3, 8, 10, 16, 11]

2. Valid solution found!
2. True X: 14
2. Predicted Colors: [1, 2, 3, 4, 5, 6, 7, 8, 9, 3, 10, 11, 8, 7, 9, 4, 6, 2, 2, 6, 9, 12, 4, 1, 10, 5, 8, 7, 12, 10, 2, 13, 14, 6, 4, 11, 11, 13, 5, 9, 8, 4, 2, 14, 12, 9, 1, 2, 11, 12, 7, 3, 10, 5, 14, 11, 7, 3, 10, 2, 5, 9, 1, 12, 4, 8, 5, 9, 3, 1, 11, 6, 5, 14, 6, 10, 2, 8, 9, 7, 3]

2. Valid solution found!
2. True X: 14
2. Predicted Colors: [1, 2, 3, 4, 5, 6, 7, 8, 9, 5, 7, 8, 10, 1, 3, 11, 2, 12, 2, 9, 13, 7, 12, 5, 14, 3, 10, 11, 12, 14, 2, 9, 1, 10, 4, 5, 7, 10, 4, 3, 6, 13, 9, 14, 8, 9, 5, 2, 8, 4, 14, 1, 7, 6, 10, 6, 11, 9, 7, 12, 3, 5, 2, 12, 4, 7, 1, 3, 9, 2, 10, 11, 3, 14, 6, 11, 2, 8, 5, 13, 4]

4. Valid solution found!
4. True X: 15
4. Predicted Colors: [1, 2, 3, 4, 5, 6, 7, 8, 9, 10, 7, 11, 2, 12, 13, 1, 4, 6, 14, 5, 6, 9, 1, 7, 11, 10, 2, 12, 10, 13, 8, 3, 15, 14, 1, 7, 7, 14, 9, 11, 2, 1, 5, 13, 12, 4, 11, 2, 7, 9, 12, 15, 6, 8, 3, 6, 1, 5, 15, 14, 4, 7, 13, 9, 12, 15, 3, 8, 5, 6, 11, 14, 6, 8, 7, 12, 14, 9, 3, 15, 10]

8. Valid solution found!
8. True X: 15
8. Predicted Colors: [1, 2, 3, 4, 5, 6, 7, 8, 9, 9, 10, 1, 2, 11, 12, 3, 6, 13, 11, 7, 4, 10, 14, 15, 8, 9, 1, 10, 3, 8, 9, 13, 4, 1, 7, 12, 8, 9, 6, 1, 3, 7, 10, 13, 11, 7, 13, 11, 15, 4, 2, 9, 1, 6, 3, 4, 5, 12, 8, 10, 6, 15, 7, 2, 11, 14, 6, 1, 9, 5, 12, 4, 12, 6, 9, 11, 10, 3, 13, 14, 8]

4. Valid solution found!
4. True X: 15
4. Predicted Colors: [1, 2, 3, 4, 5, 6, 7, 8, 9, 5, 4, 9, 10, 11, 1, 12, 13, 14, 12, 11, 15, 8, 14, 13, 3, 5, 2, 13, 14, 4, 12, 3, 15, 6, 11, 8, 2, 3, 10, 14, 7, 11, 8, 9, 4, 7, 8, 5, 11, 9, 3, 15, 12, 10, 9, 15, 12, 2, 4, 7, 10, 1, 11, 4, 10, 1, 5, 12, 8, 2, 14, 13, 8, 12, 14, 13, 1, 9, 5, 15, 6]

3. Valid solution found!
3. True X: 15
3. Predicted Colors: [1, 2, 3, 4, 5, 6, 7, 8, 9, 10, 6, 9, 1, 2, 11, 12, 13, 3, 13, 11, 2, 12, 4, 7, 8, 9, 5, 14, 9, 15, 5, 3, 12, 1, 6, 11, 12, 1, 14, 9, 15, 4, 13, 3, 7, 3, 8, 6, 11, 7, 14, 15, 2, 13, 2, 4, 1, 8, 10, 13, 9, 11, 6, 15, 5, 13, 2, 12, 8, 3, 7, 14, 7, 14, 11, 6, 13, 15, 2, 12, 4]

4. Valid solution found!
4. True X: 15
4. Predicted Colors: [1, 2, 3, 4, 5, 6, 7, 8, 9, 4, 7, 6, 10, 2, 11, 12, 1, 13, 12, 11, 2, 14, 6, 9, 8, 7, 10, 14, 13, 7, 15, 10, 12, 3, 9, 8, 7, 9, 4, 5, 11, 1, 2, 15, 12, 8, 3, 1, 2, 14, 13, 9, 11, 7, 13, 14, 15, 6, 3, 2, 5, 12, 1, 2, 6, 12, 11, 7, 15, 10, 14, 3, 5, 15, 14, 1, 9, 8, 11, 13, 4]

5. Valid solution found!
5. True X: 16
5. Predicted Colors: [1, 2, 3, 4, 5, 6, 7, 8, 9, 10, 5, 11, 9, 7, 4, 12, 6, 13, 7, 9, 8, 3, 14, 15, 11, 1, 2, 2, 1, 5, 10, 16, 8, 14, 9, 4, 14, 4, 12, 7, 15, 9, 1, 11, 16, 11, 6, 13, 14, 3, 16, 5, 7, 1, 9, 3, 16, 5, 11, 1, 4, 12, 10, 5, 7, 4, 12, 10, 2, 6, 13, 14, 3, 11, 14, 13, 1, 7, 16, 4, 12]

6. Valid solution found!
6. True X: 16
6. Predicted Colors: [1, 2, 3, 4, 5, 6, 7, 8, 9, 4, 10, 6, 11, 12, 8, 13, 14, 3, 9, 7, 2, 15, 13, 10, 12, 5, 6, 5, 8, 13, 9, 11, 2, 1, 3, 4, 12, 3, 5, 1, 4, 13, 16, 15, 14, 8, 11, 4, 16, 2, 15, 9, 12, 13, 3, 6, 10, 14, 7, 16, 5, 4, 15, 15, 1, 7, 5, 6, 4, 3, 13, 12, 6, 12, 8, 13, 3, 9, 2, 11, 16]

7. Valid solution found!
7. True X: 16
7. Predicted Colors: [1, 2, 3, 4, 5, 6, 7, 8, 9, 5, 10, 9, 2, 11, 12, 3, 1, 6, 9, 6, 7, 13, 8, 2, 14, 11, 12, 2, 3, 12, 11, 1, 10, 5, 13, 7, 12, 1, 4, 14, 2, 7, 15, 9, 3, 7, 9, 5, 6, 13, 3, 11, 12, 1, 13, 12, 11, 10, 14, 1, 8, 5, 16, 10, 16, 1, 5, 12, 15, 2, 4, 8, 4, 15, 2, 3, 7, 14, 12, 16, 5]

8. Valid solution found!
8. True X: 15
8. Predicted Colors: [1, 2, 3, 4, 5, 6, 7, 8, 9, 10, 6, 7, 11, 8, 4, 12, 13, 14, 4, 5, 15, 3, 12, 14, 1, 2, 8, 14, 10, 1, 9, 4, 5, 15, 12, 7, 9, 15, 2, 13, 7, 12, 4, 6, 10, 7, 8, 10, 15, 3, 13, 9, 1, 12, 5, 3, 12, 7, 1, 15, 8, 11, 2, 15, 4, 8, 2, 13, 7, 14, 10, 1, 8, 13, 14, 10, 11, 1, 6, 7, 5]

9. Valid solution found!
9. True X: 16
9. Predicted Colors: [1, 2, 3, 4, 5, 6, 7, 8, 9, 10, 11, 5, 12, 2, 13, 3, 14, 15, 12, 7, 13, 8, 1, 10, 15, 16, 11, 16, 3, 1, 15, 9, 7, 6, 4, 12, 7, 5, 4, 14, 12, 11, 9, 1, 10, 9, 8, 11, 1, 13, 14, 4, 15, 7, 11, 1, 16, 9, 7, 8, 5, 6, 2, 15, 4, 2, 10, 6, 9, 11, 7, 1, 5, 14, 15, 7, 3, 2, 10, 12, 8]

10. Valid solution found!
10. True X: 16
10. Predicted Colors: [1, 2, 3, 4, 5, 6, 7, 8, 9, 10, 5, 8, 11, 12, 13, 1, 4, 2, 13, 6, 4, 7, 10, 3, 11, 9, 12, 14, 1, 15, 8, 4, 2, 5, 6, 10, 8, 3, 14, 2, 16, 10, 4, 15, 1, 4, 16, 11, 10, 7, 9, 12, 5, 14, 2, 9, 13, 1, 8, 11, 10, 16, 7, 7, 14, 6, 5, 2, 15, 9, 11, 3, 12, 8, 7, 3, 6, 4, 2, 14, 15]

