1. Valid solution found!
1. True X: 12
1. Predicted Colors: [1, 2, 3, 4, 5, 6, 7, 8, 9, 1, 7, 3, 10, 11, 10, 6, 12, 9, 8, 7, 3, 11, 4, 7, 2, 10, 9, 12, 2, 8, 9, 12, 11, 3, 10, 12, 11, 4, 6, 9, 8, 5, 4, 3, 5, 10, 7, 11, 6]

3. Valid solution found!
3. True X: 12
3. Predicted Colors: [1, 2, 3, 4, 5, 6, 7, 5, 8, 1, 9, 10, 3, 11, 6, 3, 4, 7, 2, 5, 9, 11, 7, 12, 6, 8, 1, 2, 3, 9, 5, 2, 12, 11, 10, 4, 11, 10, 8, 9, 2, 6, 9, 6, 2, 3, 11, 4, 5]

4. Valid solution found!
4. True X: 11
4. Predicted Colors: [1, 2, 3, 4, 5, 6, 7, 5, 7, 8, 2, 9, 10, 4, 11, 10, 9, 3, 8, 5, 6, 9, 8, 1, 6, 7, 4, 2, 7, 5, 4, 11, 10, 1, 9, 4, 11, 10, 1, 6, 3, 5, 3, 6, 5, 7, 2, 8, 11]

6. Valid solution found!
6. True X: 11
6. Predicted Colors: [1, 2, 3, 4, 5, 6, 7, 6, 4, 8, 2, 7, 9, 10, 9, 5, 11, 3, 4, 1, 2, 7, 1, 10, 6, 9, 5, 11, 3, 9, 5, 7, 8, 10, 1, 8, 11, 4, 10, 3, 7, 5, 10, 3, 7, 1, 2, 11, 9]

7. Valid solution found!
7. True X: 13
7. Predicted Colors: [1, 2, 3, 4, 5, 6, 7, 8, 6, 9, 10, 2, 11, 1, 10, 5, 2, 3, 8, 12, 9, 2, 8, 11, 9, 13, 4, 10, 9, 12, 4, 6, 10, 5, 13, 5, 10, 7, 1, 9, 3, 8, 3, 9, 13, 11, 6, 1, 12]

8. Valid solution found!
8. True X: 11
8. Predicted Colors: [1, 2, 3, 4, 5, 6, 7, 3, 6, 8, 7, 9, 10, 2, 2, 9, 4, 5, 1, 11, 6, 6, 1, 2, 11, 7, 4, 8, 11, 8, 6, 1, 3, 9, 5, 4, 5, 9, 8, 6, 2, 11, 8, 3, 7, 10, 11, 5, 9]

10. Valid solution found!
10. True X: 11
10. Predicted Colors: [1, 2, 3, 4, 5, 6, 7, 3, 5, 8, 6, 7, 1, 9, 10, 6, 7, 5, 4, 8, 3, 7, 8, 9, 10, 3, 5, 2, 9, 10, 11, 2, 6, 7, 1, 2, 3, 4, 9, 8, 11, 10, 5, 7, 1, 11, 2, 4, 8]

12. Valid solution found!
12. True X: 11
12. Predicted Colors: [1, 2, 3, 4, 5, 6, 7, 6, 7, 5, 8, 1, 9, 2, 4, 3, 10, 7, 2, 11, 1, 7, 1, 2, 3, 8, 4, 6, 9, 4, 11, 10, 6, 3, 5, 5, 10, 1, 2, 11, 8, 4, 8, 6, 7, 9, 10, 5, 11]

13. Valid solution found!
13. True X: 12
13. Predicted Colors: [1, 2, 3, 4, 5, 6, 7, 4, 8, 1, 9, 7, 10, 2, 7, 3, 6, 5, 4, 1, 11, 6, 11, 8, 2, 9, 7, 5, 12, 10, 5, 11, 3, 4, 8, 2, 1, 4, 6, 10, 5, 3, 3, 7, 2, 8, 1, 12, 9]

14. Valid solution found!
14. True X: 12
14. Predicted Colors: [1, 2, 3, 4, 5, 6, 7, 7, 8, 9, 2, 3, 10, 5, 4, 6, 10, 11, 8, 7, 3, 2, 11, 4, 9, 6, 1, 10, 9, 1, 6, 12, 7, 8, 11, 5, 12, 11, 10, 2, 3, 4, 11, 10, 2, 3, 1, 5, 6]

15. Valid solution found!
15. True X: 11
15. Predicted Colors: [1, 2, 3, 4, 5, 6, 7, 5, 4, 8, 9, 2, 1, 10, 9, 11, 2, 1, 10, 3, 6, 3, 7, 9, 5, 6, 2, 8, 6, 10, 4, 2, 7, 5, 11, 4, 8, 5, 11, 1, 10, 3, 2, 1, 10, 6, 3, 7, 9]

16. Valid solution found!
16. True X: 11
16. Predicted Colors: [1, 2, 3, 4, 5, 6, 7, 6, 8, 7, 9, 2, 10, 1, 9, 5, 10, 11, 8, 7, 2, 11, 6, 8, 2, 10, 4, 9, 2, 7, 4, 3, 6, 1, 5, 4, 1, 2, 7, 11, 9, 6, 3, 9, 5, 10, 1, 2, 4]

18. Valid solution found!
18. True X: 11
18. Predicted Colors: [1, 2, 3, 4, 5, 6, 7, 5, 4, 6, 8, 9, 1, 2, 6, 10, 2, 7, 11, 3, 9, 11, 1, 4, 3, 10, 2, 8, 3, 5, 10, 1, 6, 11, 4, 10, 9, 8, 11, 2, 7, 5, 4, 6, 1, 10, 3, 9, 11]

19. Valid solution found!
19. True X: 12
19. Predicted Colors: [1, 2, 3, 4, 5, 6, 7, 4, 6, 7, 1, 8, 9, 10, 5, 8, 10, 11, 12, 1, 2, 11, 12, 2, 5, 6, 4, 9, 8, 1, 4, 12, 7, 5, 11, 9, 11, 8, 6, 3, 12, 4, 3, 4, 12, 10, 1, 7, 8]

1. Valid solution found!
1. True X: 12
1. Predicted Colors: [1, 2, 3, 4, 5, 6, 7, 6, 5, 7, 8, 9, 1, 4, 10, 9, 4, 11, 12, 8, 3, 8, 6, 1, 10, 3, 9, 2, 7, 3, 5, 12, 6, 4, 10, 5, 4, 9, 2, 10, 7, 6, 11, 7, 10, 5, 1, 3, 12]

1. Valid solution found!
1. True X: 10
1. Predicted Colors: [1, 2, 3, 4, 5, 6, 7, 3, 5, 7, 8, 2, 1, 4, 7, 8, 2, 3, 4, 9, 10, 2, 1, 9, 6, 10, 7, 3, 9, 7, 10, 2, 8, 5, 6, 10, 3, 8, 5, 7, 4, 1, 5, 6, 4, 1, 3, 10, 9]

2. Valid solution found!
2. True X: 11
2. Predicted Colors: [1, 2, 3, 4, 5, 6, 7, 7, 6, 1, 8, 9, 10, 2, 4, 10, 9, 3, 6, 5, 8, 2, 3, 4, 5, 8, 7, 10, 6, 1, 8, 9, 4, 11, 5, 8, 9, 7, 1, 2, 3, 4, 3, 4, 10, 6, 7, 8, 11]

3. Valid solution found!
3. True X: 12
3. Predicted Colors: [1, 2, 3, 4, 5, 6, 7, 8, 4, 1, 9, 3, 10, 11, 2, 6, 10, 11, 1, 7, 12, 11, 8, 12, 2, 6, 5, 10, 3, 9, 4, 10, 7, 8, 2, 5, 11, 2, 1, 4, 12, 9, 12, 1, 8, 6, 10, 2, 3]

4. Valid solution found!
4. True X: 10
4. Predicted Colors: [1, 2, 3, 4, 5, 6, 7, 4, 5, 7, 8, 9, 1, 10, 7, 6, 9, 5, 4, 2, 8, 2, 4, 10, 6, 8, 7, 5, 6, 1, 8, 3, 10, 4, 9, 8, 9, 5, 1, 2, 3, 6, 5, 7, 4, 10, 6, 8, 2]

6. Valid solution found!
6. True X: 10
6. Predicted Colors: [1, 2, 3, 4, 5, 6, 7, 5, 6, 7, 8, 2, 1, 9, 10, 3, 2, 5, 6, 7, 8, 2, 7, 8, 9, 3, 5, 10, 3, 1, 5, 6, 7, 9, 2, 9, 10, 4, 3, 1, 8, 6, 8, 5, 9, 7, 4, 2, 3]

7. Valid solution found!
7. True X: 12
7. Predicted Colors: [1, 2, 3, 4, 5, 6, 7, 6, 8, 9, 2, 10, 3, 1, 7, 3, 4, 11, 8, 5, 12, 12, 11, 1, 5, 3, 9, 2, 9, 7, 2, 12, 6, 1, 11, 5, 1, 6, 3, 9, 7, 4, 4, 10, 7, 8, 12, 2, 9]

9. Valid solution found!
9. True X: 11
9. Predicted Colors: [1, 2, 3, 4, 5, 6, 7, 3, 8, 5, 7, 9, 1, 10, 5, 9, 6, 3, 2, 7, 8, 6, 4, 2, 10, 8, 5, 11, 2, 10, 11, 6, 4, 9, 1, 7, 5, 4, 1, 10, 11, 6, 4, 1, 7, 5, 6, 8, 3]

1. Valid solution found!
1. True X: 10
1. Predicted Colors: [1, 2, 3, 4, 5, 6, 7, 5, 8, 9, 6, 2, 3, 4, 6, 1, 7, 10, 9, 8, 2, 10, 3, 8, 2, 6, 7, 9, 2, 9, 10, 7, 3, 1, 5, 7, 6, 2, 5, 4, 9, 3, 8, 5, 4, 3, 7, 2, 10]

3. Valid solution found!
3. True X: 12
3. Predicted Colors: [1, 2, 3, 4, 5, 6, 7, 4, 8, 9, 1, 2, 10, 11, 2, 11, 10, 12, 9, 1, 4, 3, 7, 5, 11, 10, 2, 9, 12, 9, 4, 6, 7, 11, 8, 7, 6, 2, 9, 8, 5, 3, 8, 4, 1, 5, 3, 7, 2]

4. Valid solution found!
4. True X: 11
4. Predicted Colors: [1, 2, 3, 4, 5, 6, 7, 8, 9, 5, 6, 10, 11, 2, 2, 10, 7, 11, 1, 3, 4, 6, 1, 9, 10, 4, 7, 5, 10, 3, 4, 7, 8, 1, 9, 4, 8, 10, 3, 2, 5, 6, 3, 5, 2, 8, 6, 4, 11]

6. Valid solution found!
6. True X: 11
6. Predicted Colors: [1, 2, 3, 4, 5, 6, 7, 8, 9, 1, 2, 10, 11, 5, 7, 5, 10, 11, 9, 1, 8, 11, 6, 4, 8, 3, 10, 2, 3, 8, 5, 10, 7, 9, 1, 5, 1, 7, 9, 11, 2, 10, 10, 4, 2, 5, 8, 7, 6]

7. Valid solution found!
7. True X: 11
7. Predicted Colors: [1, 2, 3, 4, 5, 6, 7, 4, 8, 1, 7, 9, 10, 5, 5, 11, 4, 10, 6, 2, 9, 6, 9, 8, 5, 7, 4, 3, 8, 3, 2, 9, 10, 11, 1, 7, 4, 11, 3, 1, 9, 6, 9, 6, 5, 8, 4, 3, 2]

1. Valid solution found!
1. True X: 12
1. Predicted Colors: [1, 2, 3, 4, 5, 6, 7, 3, 8, 9, 1, 10, 11, 12, 5, 7, 10, 3, 6, 9, 2, 6, 4, 1, 2, 7, 8, 5, 2, 11, 8, 6, 3, 1, 4, 8, 1, 2, 7, 4, 5, 6, 4, 5, 12, 8, 11, 10, 9]

4. Valid solution found!
4. True X: 12
4. Predicted Colors: [1, 2, 3, 4, 5, 6, 7, 3, 7, 1, 8, 9, 10, 4, 2, 5, 9, 10, 6, 11, 3, 6, 12, 11, 3, 8, 7, 2, 10, 4, 5, 7, 11, 3, 1, 7, 9, 2, 6, 4, 8, 12, 4, 1, 12, 9, 7, 2, 6]

6. Valid solution found!
6. True X: 11
6. Predicted Colors: [1, 2, 3, 4, 5, 6, 7, 6, 7, 8, 9, 3, 4, 10, 10, 3, 11, 5, 2, 7, 9, 11, 4, 7, 8, 9, 10, 2, 3, 9, 6, 11, 4, 1, 8, 2, 1, 4, 3, 10, 5, 6, 9, 6, 5, 7, 11, 2, 3]

7. Valid solution found!
7. True X: 11
7. Predicted Colors: [1, 2, 3, 4, 5, 6, 7, 8, 4, 5, 9, 7, 10, 3, 6, 3, 2, 1, 11, 9, 8, 7, 11, 10, 8, 4, 1, 6, 10, 8, 1, 7, 6, 3, 2, 4, 9, 11, 5, 2, 7, 10, 2, 1, 4, 10, 3, 11, 5]

8. Valid solution found!
8. True X: 11
8. Predicted Colors: [1, 2, 3, 4, 5, 6, 7, 8, 4, 7, 9, 10, 11, 2, 9, 6, 11, 1, 2, 3, 4, 2, 7, 4, 10, 8, 5, 1, 4, 3, 8, 5, 7, 9, 10, 7, 9, 10, 6, 3, 2, 11, 5, 11, 2, 8, 1, 7, 9]

9. Valid solution found!
9. True X: 11
9. Predicted Colors: [1, 2, 3, 4, 5, 6, 7, 6, 5, 8, 9, 3, 10, 1, 10, 1, 11, 7, 8, 9, 6, 11, 8, 10, 6, 4, 5, 2, 7, 9, 5, 8, 2, 3, 4, 5, 11, 2, 1, 9, 7, 10, 2, 3, 4, 10, 6, 11, 9]

10. Valid solution found!
10. True X: 12
10. Predicted Colors: [1, 2, 3, 4, 5, 6, 7, 3, 5, 8, 7, 9, 4, 1, 9, 1, 4, 3, 10, 8, 11, 10, 8, 12, 11, 7, 9, 3, 12, 4, 6, 2, 8, 1, 5, 7, 9, 5, 10, 6, 3, 4, 8, 12, 2, 9, 11, 7, 10]

