2. Valid solution found!
2. True X: 18
2. Predicted Colors: [1, 2, 3, 4, 5, 6, 7, 8, 9, 10, 11, 12, 13, 14, 15, 1, 12, 3, 10, 6, 7, 8, 16, 4, 9, 12, 13, 7, 6, 2, 14, 3, 5, 15, 1, 8, 5, 17, 10, 8, 9, 15, 18, 13, 1, 11, 2, 6, 10, 11, 16, 15, 7, 1, 9, 17, 6, 18, 12, 3, 8, 15, 4, 3, 16, 10, 5, 14, 11, 7, 9, 1, 2, 6, 8, 17, 1, 9, 12, 4, 10, 16, 15, 13, 18, 4, 12, 16, 13, 8, 6, 5, 17, 2, 14, 10]

8. Valid solution found!
8. True X: 17
8. Predicted Colors: [1, 2, 3, 4, 5, 6, 7, 8, 9, 10, 11, 12, 3, 4, 7, 13, 14, 15, 16, 10, 11, 2, 5, 17, 10, 1, 9, 15, 2, 7, 13, 14, 5, 17, 8, 6, 14, 12, 2, 17, 13, 1, 5, 7, 15, 16, 10, 11, 15, 5, 1, 6, 16, 17, 4, 13, 3, 8, 14, 7, 7, 11, 17, 14, 4, 10, 3, 15, 2, 6, 1, 13, 5, 3, 8, 7, 17, 14, 6, 4, 12, 11, 16, 2, 2, 17, 12, 16, 1, 13, 9, 5, 10, 7, 15, 14]

9. Valid solution found!
9. True X: 17
9. Predicted Colors: [1, 2, 3, 4, 5, 6, 7, 8, 9, 10, 11, 12, 3, 13, 9, 12, 11, 4, 14, 1, 2, 15, 16, 7, 10, 5, 2, 7, 6, 16, 15, 4, 13, 1, 8, 14, 15, 4, 13, 11, 10, 7, 3, 17, 8, 6, 9, 2, 6, 9, 15, 2, 16, 17, 1, 13, 14, 3, 12, 5, 2, 3, 6, 17, 1, 9, 4, 10, 5, 8, 13, 15, 17, 1, 10, 13, 8, 15, 5, 12, 4, 2, 7, 11, 12, 14, 16, 5, 17, 2, 11, 3, 15, 13, 6, 10]

3. Valid solution found!
3. True X: 17
3. Predicted Colors: [1, 2, 3, 4, 5, 6, 7, 8, 9, 10, 11, 12, 13, 8, 6, 14, 15, 9, 12, 1, 3, 2, 4, 5, 2, 11, 15, 3, 16, 10, 17, 7, 4, 9, 8, 1, 10, 9, 12, 13, 17, 15, 2, 3, 8, 11, 14, 7, 11, 13, 4, 15, 2, 14, 1, 16, 7, 5, 3, 10, 4, 14, 11, 6, 9, 5, 15, 13, 17, 1, 2, 8, 17, 3, 13, 8, 14, 1, 9, 4, 10, 6, 15, 16, 6, 7, 5, 10, 3, 16, 8, 17, 1, 4, 9, 11]

4. Valid solution found!
4. True X: 17
4. Predicted Colors: [1, 2, 3, 4, 5, 6, 7, 8, 9, 10, 11, 12, 11, 5, 13, 14, 15, 12, 4, 16, 7, 17, 6, 3, 9, 17, 11, 12, 13, 10, 15, 2, 1, 3, 14, 16, 15, 3, 10, 8, 16, 17, 14, 6, 5, 13, 12, 11, 12, 7, 6, 5, 3, 11, 8, 1, 2, 14, 9, 15, 4, 9, 14, 10, 8, 15, 17, 11, 13, 16, 3, 5, 17, 15, 8, 9, 4, 14, 12, 3, 10, 5, 7, 13, 3, 1, 12, 7, 11, 5, 9, 13, 14, 2, 16, 17]

5. Valid solution found!
5. True X: 17
5. Predicted Colors: [1, 2, 3, 4, 5, 6, 7, 8, 9, 10, 11, 12, 6, 8, 13, 14, 10, 1, 11, 15, 12, 5, 2, 16, 17, 1, 7, 9, 11, 16, 8, 5, 2, 15, 13, 14, 12, 3, 8, 13, 15, 10, 2, 4, 7, 14, 16, 11, 13, 17, 16, 2, 14, 7, 12, 1, 11, 8, 9, 3, 16, 15, 4, 11, 17, 9, 6, 2, 3, 13, 14, 1, 14, 5, 2, 3, 1, 4, 10, 11, 8, 7, 15, 13, 3, 4, 15, 10, 13, 8, 9, 16, 5, 6, 12, 2]

6. Valid solution found!
6. True X: 19
6. Predicted Colors: [1, 2, 3, 4, 5, 6, 7, 8, 9, 10, 11, 12, 13, 7, 11, 6, 12, 3, 10, 14, 2, 5, 15, 4, 4, 12, 10, 7, 8, 2, 16, 3, 17, 6, 1, 5, 2, 3, 4, 9, 14, 17, 5, 10, 8, 13, 12, 18, 12, 1, 19, 5, 11, 18, 15, 13, 7, 16, 6, 9, 8, 6, 12, 10, 9, 4, 1, 19, 3, 11, 5, 15, 10, 13, 5, 11, 2, 14, 3, 17, 1, 19, 4, 7, 7, 18, 1, 3, 4, 5, 11, 16, 12, 2, 14, 13]

7. Valid solution found!
7. True X: 17
7. Predicted Colors: [1, 2, 3, 4, 5, 6, 7, 8, 9, 10, 11, 12, 9, 7, 8, 11, 13, 14, 15, 5, 12, 2, 1, 4, 6, 10, 16, 7, 12, 11, 4, 2, 15, 13, 3, 5, 11, 4, 1, 6, 9, 13, 16, 3, 8, 12, 10, 7, 14, 9, 5, 12, 17, 15, 1, 10, 16, 7, 4, 6, 16, 11, 4, 3, 14, 9, 6, 7, 2, 17, 12, 8, 2, 1, 12, 5, 16, 4, 11, 13, 6, 3, 9, 10, 17, 6, 9, 10, 7, 2, 3, 15, 4, 16, 5, 13]

8. Valid solution found!
8. True X: 17
8. Predicted Colors: [1, 2, 3, 4, 5, 6, 7, 8, 9, 10, 11, 12, 13, 9, 7, 12, 8, 4, 11, 1, 14, 5, 2, 3, 12, 6, 15, 14, 16, 9, 13, 2, 10, 3, 1, 11, 14, 1, 2, 6, 10, 5, 12, 9, 17, 11, 15, 7, 7, 17, 11, 5, 4, 1, 6, 15, 8, 12, 9, 2, 10, 3, 16, 2, 11, 17, 5, 4, 1, 14, 7, 13, 9, 13, 10, 15, 3, 7, 2, 17, 11, 16, 12, 8, 3, 8, 5, 13, 6, 10, 9, 12, 4, 15, 14, 1]

9. Valid solution found!
9. True X: 17
9. Predicted Colors: [1, 2, 3, 4, 5, 6, 7, 8, 9, 10, 11, 12, 12, 9, 13, 8, 11, 2, 1, 5, 6, 14, 15, 4, 15, 11, 2, 7, 12, 10, 4, 14, 16, 17, 3, 6, 8, 4, 14, 5, 6, 17, 13, 10, 3, 12, 1, 16, 6, 12, 17, 3, 13, 5, 15, 2, 14, 4, 8, 11, 9, 3, 5, 2, 17, 4, 8, 13, 12, 1, 7, 14, 13, 17, 16, 15, 7, 1, 6, 3, 4, 8, 12, 5, 7, 6, 11, 13, 4, 8, 5, 12, 1, 2, 17, 9]

1. Valid solution found!
1. True X: 18
1. Predicted Colors: [1, 2, 3, 4, 5, 6, 7, 8, 9, 10, 11, 12, 13, 9, 14, 7, 15, 1, 2, 12, 4, 16, 6, 17, 8, 1, 17, 3, 12, 9, 18, 14, 2, 11, 10, 5, 12, 6, 7, 5, 18, 2, 16, 15, 8, 1, 13, 3, 18, 5, 10, 12, 8, 7, 14, 1, 3, 4, 17, 2, 11, 15, 16, 17, 3, 10, 5, 9, 7, 8, 18, 14, 14, 7, 4, 8, 1, 15, 11, 17, 10, 3, 12, 9, 6, 13, 12, 9, 17, 14, 8, 7, 1, 5, 2, 10]

2. Valid solution found!
2. True X: 18
2. Predicted Colors: [1, 2, 3, 4, 5, 6, 7, 8, 9, 10, 11, 12, 13, 12, 10, 11, 1, 14, 15, 3, 5, 7, 16, 17, 11, 18, 6, 16, 2, 13, 17, 12, 14, 15, 8, 9, 5, 9, 7, 18, 12, 10, 14, 16, 8, 1, 17, 13, 10, 11, 8, 14, 7, 18, 4, 9, 12, 3, 5, 16, 14, 17, 16, 15, 8, 3, 5, 7, 6, 9, 18, 4, 16, 6, 14, 3, 10, 11, 9, 4, 18, 8, 7, 1, 7, 13, 9, 8, 18, 5, 12, 15, 3, 16, 10, 11]

3. Valid solution found!
3. True X: 16
3. Predicted Colors: [1, 2, 3, 4, 5, 6, 7, 8, 9, 10, 11, 12, 8, 6, 10, 13, 1, 2, 9, 4, 7, 12, 14, 3, 15, 14, 8, 7, 9, 10, 3, 1, 16, 2, 5, 6, 9, 1, 4, 5, 14, 11, 6, 7, 13, 8, 10, 2, 4, 8, 14, 2, 7, 12, 15, 3, 11, 16, 9, 1, 10, 16, 1, 12, 3, 13, 11, 6, 8, 15, 2, 14, 3, 4, 13, 14, 2, 5, 16, 15, 10, 11, 6, 7, 5, 10, 2, 6, 16, 4, 1, 14, 3, 7, 13, 8]

4. Valid solution found!
4. True X: 18
4. Predicted Colors: [1, 2, 3, 4, 5, 6, 7, 8, 9, 10, 11, 12, 9, 7, 6, 13, 3, 1, 10, 5, 2, 8, 14, 15, 12, 13, 10, 5, 6, 15, 8, 4, 1, 16, 17, 11, 3, 4, 18, 2, 1, 7, 6, 9, 5, 11, 13, 10, 11, 17, 9, 6, 4, 12, 16, 2, 10, 3, 18, 14, 7, 14, 11, 16, 17, 5, 3, 12, 18, 2, 9, 13, 18, 9, 2, 8, 15, 10, 14, 7, 4, 13, 12, 16, 2, 10, 5, 7, 9, 18, 12, 6, 16, 17, 1, 3]

7. Valid solution found!
7. True X: 18
7. Predicted Colors: [1, 2, 3, 4, 5, 6, 7, 8, 9, 10, 11, 12, 13, 14, 6, 9, 15, 3, 1, 16, 2, 12, 8, 17, 8, 18, 10, 11, 13, 17, 6, 3, 4, 14, 1, 16, 12, 16, 14, 8, 10, 1, 9, 17, 18, 5, 7, 13, 6, 3, 15, 16, 18, 4, 5, 1, 8, 13, 9, 11, 4, 11, 13, 7, 8, 16, 17, 12, 6, 1, 14, 10, 14, 7, 17, 1, 3, 10, 2, 18, 11, 8, 13, 4, 9, 4, 16, 2, 6, 14, 11, 7, 13, 18, 3, 15]

