2. Valid solution found!
2. True X: 20
2. Predicted Colors: [1, 2, 3, 4, 5, 6, 7, 8, 9, 10, 11, 12, 4, 13, 11, 1, 14, 15, 16, 17, 18, 19, 11, 8, 14, 18, 19, 12, 4, 9, 1, 13, 7, 6, 15, 9, 5, 10, 13, 11, 17, 3, 12, 1, 8, 16, 12, 20, 17, 19, 6, 18, 2, 11, 14, 4, 6, 11, 19, 14, 20, 9, 1, 15, 16, 13, 16, 5, 7, 15, 8, 1, 3, 14, 4, 9, 10, 19, 1, 6, 9, 7, 18, 17, 13, 12, 14, 16, 14, 18, 19, 17, 4, 2, 1, 7, 6, 20, 12, 7, 12, 4, 6, 16, 15, 14, 2, 11, 19, 8, 15, 14, 16, 8, 20, 3, 19, 12, 7, 4, 9]

3. Valid solution found!
3. True X: 20
3. Predicted Colors: [1, 2, 3, 4, 5, 6, 7, 8, 9, 10, 11, 10, 9, 12, 11, 3, 13, 14, 4, 15, 16, 2, 2, 5, 17, 13, 15, 16, 12, 9, 3, 18, 14, 19, 10, 16, 18, 20, 5, 1, 17, 7, 15, 9, 14, 4, 19, 9, 2, 11, 10, 13, 6, 3, 18, 9, 8, 7, 17, 13, 20, 4, 19, 18, 1, 10, 4, 13, 18, 2, 9, 12, 8, 6, 17, 19, 16, 12, 19, 6, 5, 11, 18, 17, 3, 16, 4, 20, 11, 17, 13, 8, 1, 10, 5, 18, 12, 9, 6, 5, 18, 9, 10, 12, 4, 6, 11, 8, 13, 17, 8, 6, 4, 14, 7, 17, 9, 16, 20, 11, 19]

5. Valid solution found!
5. True X: 20
5. Predicted Colors: [1, 2, 3, 4, 5, 6, 7, 8, 9, 10, 11, 12, 5, 8, 7, 10, 13, 14, 15, 1, 4, 9, 7, 9, 4, 16, 8, 2, 1, 17, 5, 12, 3, 13, 12, 18, 2, 3, 10, 15, 7, 8, 11, 6, 17, 8, 19, 15, 13, 11, 12, 6, 14, 20, 1, 14, 4, 9, 3, 16, 20, 13, 1, 12, 8, 7, 20, 18, 16, 12, 6, 3, 9, 4, 17, 14, 19, 11, 19, 7, 14, 18, 4, 2, 3, 20, 5, 8, 8, 3, 10, 1, 2, 14, 20, 19, 18, 17, 4, 4, 1, 14, 17, 11, 12, 3, 10, 7, 16, 18, 2, 15, 5, 9, 7, 8, 11, 20, 13, 1, 12]

6. Valid solution found!
6. True X: 20
6. Predicted Colors: [1, 2, 3, 4, 5, 6, 7, 8, 9, 10, 11, 12, 13, 8, 14, 11, 15, 4, 5, 16, 6, 7, 17, 5, 2, 7, 8, 18, 13, 9, 14, 19, 16, 20, 16, 18, 19, 9, 1, 5, 2, 11, 15, 13, 8, 4, 10, 15, 12, 11, 18, 6, 1, 5, 3, 15, 6, 13, 2, 19, 17, 16, 20, 3, 4, 8, 2, 14, 11, 6, 13, 3, 8, 15, 7, 12, 20, 11, 15, 20, 5, 2, 4, 1, 14, 18, 16, 9, 6, 8, 19, 10, 18, 14, 15, 11, 5, 13, 12, 18, 7, 4, 11, 6, 12, 9, 1, 10, 20, 5, 10, 12, 5, 9, 20, 13, 2, 7, 6, 8, 4]

8. Valid solution found!
8. True X: 19
8. Predicted Colors: [1, 2, 3, 4, 5, 6, 7, 8, 9, 10, 11, 5, 9, 12, 13, 14, 15, 16, 10, 2, 8, 17, 12, 18, 4, 5, 16, 2, 3, 13, 17, 14, 6, 10, 16, 8, 6, 19, 5, 17, 18, 4, 2, 3, 2, 19, 10, 12, 8, 7, 9, 3, 16, 5, 13, 3, 17, 9, 18, 1, 14, 13, 12, 11, 19, 10, 11, 5, 14, 8, 13, 16, 10, 6, 1, 12, 4, 13, 6, 11, 3, 18, 1, 2, 17, 15, 7, 5, 7, 15, 16, 2, 4, 17, 8, 14, 3, 11, 18, 18, 1, 5, 17, 15, 12, 11, 9, 7, 13, 16, 4, 11, 18, 9, 3, 13, 6, 16, 5, 17, 2]

10. Valid solution found!
10. True X: 19
10. Predicted Colors: [1, 2, 3, 4, 5, 6, 7, 8, 9, 10, 11, 11, 12, 13, 14, 1, 15, 16, 10, 17, 7, 8, 14, 1, 16, 5, 6, 11, 2, 18, 19, 4, 12, 2, 7, 9, 8, 17, 13, 3, 6, 5, 16, 1, 9, 19, 11, 3, 18, 1, 15, 7, 8, 12, 6, 15, 4, 7, 19, 12, 5, 11, 17, 16, 1, 10, 10, 13, 14, 16, 2, 19, 9, 15, 11, 17, 4, 12, 6, 19, 13, 3, 4, 8, 2, 18, 5, 15, 3, 11, 12, 9, 7, 14, 17, 5, 6, 8, 18, 4, 16, 6, 2, 11, 3, 1, 9, 14, 15, 19, 17, 15, 1, 7, 19, 16, 12, 11, 10, 6, 14]

3. Valid solution found!
3. True X: 19
3. Predicted Colors: [1, 2, 3, 4, 5, 6, 7, 8, 9, 10, 11, 8, 12, 10, 11, 13, 4, 2, 14, 6, 15, 3, 16, 17, 15, 3, 9, 11, 12, 13, 18, 2, 6, 6, 7, 4, 10, 18, 8, 16, 3, 17, 1, 12, 3, 5, 2, 9, 19, 1, 10, 6, 11, 8, 13, 2, 19, 14, 17, 11, 16, 15, 12, 7, 18, 4, 11, 16, 7, 19, 6, 12, 8, 4, 2, 17, 15, 10, 18, 8, 2, 1, 3, 14, 11, 19, 7, 9, 15, 3, 12, 7, 10, 9, 5, 18, 4, 13, 17, 7, 4, 18, 5, 3, 17, 13, 10, 15, 6, 8, 17, 10, 19, 13, 4, 15, 1, 7, 8, 3, 18]

7. Valid solution found!
7. True X: 20
7. Predicted Colors: [1, 2, 3, 4, 5, 6, 7, 8, 9, 10, 11, 6, 12, 13, 1, 9, 11, 14, 15, 4, 2, 3, 15, 16, 11, 17, 14, 12, 10, 9, 13, 5, 1, 3, 14, 18, 19, 6, 8, 13, 7, 1, 11, 9, 2, 5, 20, 3, 13, 14, 4, 17, 18, 19, 16, 12, 13, 10, 11, 17, 18, 15, 20, 6, 3, 8, 10, 18, 6, 8, 16, 13, 3, 5, 11, 1, 15, 5, 19, 1, 15, 11, 9, 2, 6, 10, 12, 14, 4, 3, 5, 6, 10, 15, 17, 12, 2, 8, 7, 20, 9, 12, 2, 3, 7, 19, 13, 15, 16, 18, 19, 8, 16, 13, 15, 5, 11, 4, 3, 9, 10]

