5. Valid solution found!
5. True X: 13
5. Predicted Colors: [1, 2, 3, 2, 4, 1, 2, 3, 2, 1, 5, 6, 7, 8, 7, 6, 9, 8, 3, 3, 10, 6, 11, 6, 11, 5, 2, 4, 10, 10, 11, 2, 11, 5, 10, 5, 5, 2, 10, 9, 2, 12, 9, 10, 6, 13, 1, 13, 4, 13, 2, 1, 10, 13, 1, 9, 10, 4, 1, 4, 9, 9, 4, 9, 10, 10, 12, 10, 4, 11, 10, 4, 5, 11, 5, 10, 2, 10, 10, 10, 4, 5, 4, 10, 2, 4, 7, 10, 10, 10, 4, 4, 13, 7, 3, 6, 4, 9, 2, 4, 1, 7, 9, 9, 1, 5, 5, 9, 12, 9, 6, 6, 2, 10, 9, 10, 4, 11, 5, 12, 9, 5, 4, 8, 10, 9, 2, 10, 4, 6, 4, 9, 5, 4, 10, 10, 9, 12, 10, 4, 2, 1, 4, 2, 9, 2, 10, 4, 12, 9, 8, 9, 4, 9, 12, 9, 9, 4, 9, 2, 10, 10, 4, 9, 4, 10, 10, 13, 2, 9, 4, 10, 10, 2, 13, 4, 10, 9, 10, 6, 4, 4, 9, 10, 10, 10, 4, 12, 7, 6, 3]

6. Valid solution found!
6. True X: 16
6. Predicted Colors: [1, 2, 3, 4, 5, 3, 6, 7, 8, 6, 5, 1, 9, 1, 4, 10, 3, 7, 3, 4, 2, 1, 11, 1, 12, 8, 13, 14, 14, 14, 15, 16, 14, 1, 1, 15, 16, 10, 1, 14, 4, 16, 16, 1, 4, 12, 7, 1, 10, 11, 4, 5, 16, 6, 16, 16, 6, 12, 1, 16, 16, 16, 9, 9, 13, 10, 4, 2, 1, 13, 12, 12, 12, 11, 5, 15, 16, 12, 12, 16, 1, 15, 16, 16, 12, 2, 15, 16, 16, 10, 13, 5, 12, 11, 3, 1, 4, 11, 11, 9, 6, 6, 6, 13, 9, 5, 5, 5, 9, 8, 1, 16, 16, 16, 16, 16, 1, 6, 1, 12, 1, 14, 12, 15, 6, 6, 16, 6, 5, 14, 12, 16, 12, 1, 16, 14, 16, 16, 10, 1, 15, 6, 1, 12, 16, 12, 5, 16, 12, 16, 16, 11, 12, 1, 16, 8, 7, 5, 7, 16, 4, 15, 6, 1, 12, 5, 6, 16, 16, 9, 16, 12, 16, 16, 11, 16, 16, 16, 16, 16, 16, 16, 16, 12, 16, 16, 16, 8, 6, 14, 2]

7. Valid solution found!
7. True X: 13
7. Predicted Colors: [1, 2, 3, 3, 4, 5, 6, 7, 6, 2, 8, 1, 2, 3, 9, 1, 7, 9, 5, 2, 7, 1, 8, 10, 2, 11, 6, 12, 10, 7, 7, 6, 7, 3, 10, 9, 10, 3, 2, 10, 12, 10, 9, 2, 10, 12, 4, 13, 12, 13, 8, 12, 4, 7, 13, 6, 5, 1, 1, 9, 1, 9, 1, 13, 9, 1, 9, 1, 4, 4, 7, 9, 13, 6, 12, 10, 6, 13, 5, 7, 13, 10, 10, 10, 10, 10, 12, 10, 10, 13, 10, 10, 13, 8, 2, 1, 6, 13, 9, 4, 11, 12, 6, 9, 2, 3, 10, 6, 10, 6, 10, 10, 5, 10, 5, 10, 3, 6, 13, 10, 10, 9, 10, 10, 12, 10, 10, 10, 12, 5, 6, 13, 10, 1, 9, 10, 10, 10, 6, 12, 10, 1, 10, 6, 10, 9, 1, 13, 6, 13, 6, 13, 1, 9, 6, 10, 6, 10, 10, 6, 10, 13, 10, 4, 6, 10, 11, 10, 10, 10, 6, 10, 10, 10, 10, 1, 9, 10, 10, 10, 10, 10, 10, 5, 10, 6, 11, 10, 1, 2, 7]

8. Valid solution found!
8. True X: 14
8. Predicted Colors: [1, 2, 3, 4, 5, 3, 4, 4, 6, 5, 1, 7, 8, 9, 10, 8, 8, 8, 10, 4, 5, 10, 11, 12, 13, 3, 10, 8, 3, 8, 3, 13, 5, 12, 1, 8, 8, 14, 5, 12, 8, 8, 8, 5, 8, 14, 2, 5, 14, 6, 14, 1, 5, 14, 9, 11, 6, 14, 1, 5, 9, 9, 2, 5, 5, 6, 9, 9, 10, 6, 5, 5, 10, 10, 13, 5, 14, 14, 14, 8, 14, 14, 9, 9, 14, 5, 14, 9, 7, 9, 14, 9, 14, 2, 3, 12, 2, 3, 11, 5, 3, 2, 3, 3, 13, 1, 9, 2, 3, 7, 5, 9, 9, 3, 3, 5, 2, 3, 3, 14, 3, 10, 1, 11, 8, 9, 9, 12, 13, 5, 14, 10, 13, 12, 9, 9, 10, 3, 13, 8, 3, 2, 9, 5, 9, 9, 7, 9, 5, 14, 2, 5, 1, 9, 5, 1, 2, 5, 5, 5, 9, 9, 7, 9, 2, 14, 13, 9, 9, 1, 9, 12, 13, 12, 5, 9, 9, 8, 9, 9, 9, 5, 5, 14, 8, 5, 9, 14, 9, 3, 6]

9. Valid solution found!
9. True X: 13
9. Predicted Colors: [1, 2, 3, 2, 4, 1, 5, 1, 6, 7, 4, 1, 8, 1, 6, 7, 5, 8, 8, 8, 9, 2, 10, 3, 10, 11, 11, 10, 10, 10, 11, 10, 8, 10, 1, 11, 11, 8, 7, 1, 11, 12, 11, 8, 11, 3, 2, 3, 2, 3, 11, 5, 12, 5, 6, 5, 5, 4, 4, 8, 11, 11, 9, 9, 9, 9, 9, 8, 4, 10, 12, 10, 11, 11, 5, 7, 5, 10, 6, 11, 10, 9, 8, 9, 11, 11, 5, 9, 11, 9, 9, 9, 10, 5, 1, 3, 2, 1, 6, 4, 5, 13, 3, 8, 5, 3, 8, 9, 13, 13, 9, 8, 9, 11, 2, 9, 9, 3, 10, 10, 10, 11, 4, 10, 13, 11, 11, 9, 11, 1, 9, 11, 9, 9, 8, 9, 8, 9, 1, 11, 13, 4, 9, 7, 3, 6, 9, 9, 9, 9, 9, 13, 3, 8, 9, 9, 9, 9, 5, 8, 9, 5, 9, 9, 4, 7, 9, 10, 8, 5, 9, 9, 9, 8, 8, 11, 9, 11, 11, 9, 9, 11, 11, 3, 6, 9, 3, 11, 9, 1, 12]

10. Valid solution found!
10. True X: 14
10. Predicted Colors: [1, 2, 3, 4, 2, 5, 6, 7, 8, 6, 3, 1, 2, 9, 9, 6, 9, 8, 10, 7, 9, 11, 5, 12, 8, 10, 3, 1, 1, 7, 10, 8, 1, 3, 3, 6, 1, 8, 2, 12, 11, 6, 12, 10, 1, 3, 5, 13, 13, 12, 4, 13, 7, 13, 9, 9, 13, 13, 1, 13, 12, 4, 13, 7, 13, 10, 8, 12, 13, 14, 1, 2, 10, 12, 12, 8, 8, 10, 7, 8, 4, 10, 8, 10, 4, 1, 8, 8, 10, 8, 10, 1, 4, 13, 3, 10, 11, 4, 4, 13, 5, 7, 10, 9, 2, 4, 1, 11, 10, 10, 13, 1, 7, 11, 10, 9, 11, 14, 10, 4, 10, 8, 11, 8, 10, 10, 12, 10, 11, 10, 10, 1, 8, 10, 8, 8, 7, 7, 10, 10, 14, 13, 10, 13, 4, 8, 14, 14, 13, 10, 10, 2, 13, 11, 11, 10, 13, 9, 11, 2, 10, 10, 1, 9, 13, 10, 13, 13, 13, 13, 10, 10, 1, 10, 6, 13, 9, 6, 12, 10, 10, 8, 10, 10, 10, 10, 10, 13, 13, 6, 3]

