Table 1: Results for Color02/03/04 instances:
Instance: queen5_5.col
Size: 25
True χ: 5
Predicted χ (GNN): 3
Predicted Colors: [2, 2, 0, 0, 2, 2, 2, 0, 2, 2, 2, 2, 2, 2, 2, 2, 2, 2, 2, 2, 2, 2, 2, 2, 2]
Execution Time (s): 64.19417953491211

Instance: queen6_6.col
Size: 36
True χ: 7
Predicted χ (GNN): 7
Predicted Colors: [5, 5, 6, 5, 5, 5, 6, 5, 6, 6, 6, 5, 2, 2, 6, 6, 6, 6, 2, 2, 2, 6, 2, 6, 2, 2, 2, 2, 6, 6, 2, 6, 2, 6, 2, 5]
Execution Time (s): 53.48134112358093

Instance: myciel5.col
Size: 47
True χ: 6
Predicted χ (GNN): 5
Predicted Colors: [2, 0, 1, 0, 4, 0, 1, 0, 0, 4, 4, 0, 1, 1, 1, 4, 0, 1, 1, 2, 4, 4, 4, 0, 1, 1, 1, 4, 0, 1, 1, 2, 4, 4, 0, 1, 1, 1, 4, 0, 1, 1, 2, 4, 4, 4, 4]
Execution Time (s): 50.67207622528076

Instance: queen7_7.col
Size: 49
True χ: 7
Predicted χ (GNN): 7
Predicted Colors: [3, 3, 3, 3, 3, 3, 3, 3, 3, 3, 1, 3, 3, 3, 1, 3, 1, 3, 1, 3, 1, 3, 1, 3, 3, 3, 3, 3, 1, 3, 3, 3, 3, 3, 3, 6, 3, 3, 3, 3, 3, 3, 3, 6, 6, 6, 6, 6, 3]
Execution Time (s): 83.98877906799316

Instance: queen8_8.col
Size: 64
True χ: 9
Predicted χ (GNN): 8
Predicted Colors: [2, 2, 5, 2, 2, 2, 7, 2, 2, 2, 5, 2, 5, 2, 7, 2, 2, 2, 2, 2, 2, 2, 7, 2, 5, 5, 5, 2, 2, 2, 7, 2, 2, 2, 2, 2, 2, 2, 7, 2, 2, 2, 2, 2, 2, 2, 7, 2, 2, 2, 2, 2, 2, 2, 7, 0, 2, 2, 2, 2, 2, 2, 7, 2]
Execution Time (s): 108.94001793861389

Instance: 1-Insertions_4.col
Size: 67
True χ: 4
Predicted χ (GNN): 4
Predicted Colors: [0, 0, 2, 0, 2, 1, 1, 2, 1, 3, 2, 3, 1, 3, 2, 2, 2, 2, 3, 2, 3, 2, 2, 1, 3, 2, 3, 3, 1, 2, 1, 2, 2, 3, 1, 2, 2, 2, 3, 2, 3, 3, 3, 2, 1, 2, 1, 0, 3, 3, 3, 2, 2, 1, 2, 3, 2, 2, 0, 3, 0, 0, 3, 3, 2, 2, 2]
Execution Time (s): 55.93916726112366

Instance: huck.col
Size: 74
True χ: 11
Predicted χ (GNN): 11
Predicted Colors: [10, 3, 8, 3, 10, 8, 3, 0, 8, 8, 10, 1, 10, 0, 0, 8, 8, 0, 1, 8, 8, 7, 8, 3, 10, 6, 1, 5, 10, 0, 0, 3, 2, 8, 5, 1, 4, 0, 8, 10, 1, 4, 1, 8, 3, 3, 1, 5, 1, 10, 1, 8, 8, 8, 8, 1, 1, 5, 10, 1, 1, 1, 2, 8, 8, 7, 1, 1, 4, 3, 3, 4, 1, 1]
Execution Time (s): 69.16463828086853

Instance: jean.col
Size: 80
True χ: 10
Predicted χ (GNN): 10
Predicted Colors: [9, 5, 3, 1, 1, 5, 1, 9, 5, 1, 4, 9, 2, 5, 0, 9, 1, 1, 1, 1, 3, 1, 1, 5, 3, 1, 3, 9, 9, 8, 5, 7, 3, 1, 5, 9, 1, 9, 1, 3, 8, 4, 5, 9, 0, 5, 6, 1, 9, 1, 5, 0, 8, 4, 1, 2, 5, 1, 0, 3, 1, 5, 3, 8, 4, 1, 9, 1, 3, 0, 3, 2, 3, 8, 5, 5, 9, 5, 1, 7]
Execution Time (s): 79.39486908912659

Instance: queen9_9.col
Size: 81
True χ: 10
Predicted χ (GNN): 10
Predicted Colors: [8, 8, 1, 8, 8, 8, 8, 8, 8, 8, 8, 8, 8, 8, 8, 8, 8, 8, 8, 8, 8, 8, 8, 8, 8, 8, 8, 8, 8, 8, 8, 8, 8, 8, 8, 8, 8, 8, 8, 9, 8, 9, 8, 8, 8, 8, 8, 8, 8, 8, 9, 8, 8, 8, 8, 8, 8, 9, 8, 9, 8, 8, 8, 8, 8, 8, 8, 8, 9, 8, 8, 8, 9, 9, 9, 9, 9, 9, 9, 9, 9]
Execution Time (s): 127.63602662086487

Instance: david.col
Size: 87
True χ: 11
Predicted χ (GNN): 11
Predicted Colors: [9, 6, 6, 6, 0, 1, 0, 9, 4, 5, 1, 6, 5, 6, 9, 10, 7, 9, 6, 9, 6, 10, 6, 4, 10, 5, 5, 9, 6, 1, 0, 6, 0, 6, 9, 7, 7, 8, 1, 4, 2, 10, 6, 3, 7, 6, 1, 2, 9, 7, 7, 7, 4, 9, 6, 1, 4, 9, 9, 5, 9, 2, 10, 1, 0, 6, 9, 7, 9, 8, 9, 6, 7, 6, 5, 9, 10, 4, 6, 4, 4, 3, 1, 7, 5, 1, 6]
Execution Time (s): 68.51155614852905

Instance: mug88_1.col
Size: 88
True χ: 4
Predicted χ (GNN): 4
Predicted Colors: [1, 0, 3, 0, 3, 1, 1, 3, 3, 0, 1, 2, 1, 3, 3, 1, 3, 1, 1, 2, 2, 3, 2, 3, 3, 2, 1, 1, 0, 3, 3, 3, 3, 3, 1, 0, 3, 0, 1, 1, 3, 0, 0, 1, 1, 1, 0, 1, 1, 2, 2, 2, 0, 0, 2, 0, 1, 1, 1, 1, 1, 1, 3, 0, 1, 1, 1, 3, 3, 3, 1, 1, 2, 3, 3, 3, 2, 3, 3, 2, 2, 2, 0, 1, 1, 2, 1, 0]
Execution Time (s): 70.28190517425537

Instance: myciel6.col
Size: 95
True χ: 7
Predicted χ (GNN): 7
Predicted Colors: [4, 4, 1, 4, 1, 1, 1, 3, 4, 1, 1, 2, 1, 3, 1, 4, 5, 1, 1, 1, 1, 1, 3, 1, 3, 1, 3, 3, 5, 5, 1, 5, 1, 3, 2, 1, 1, 6, 4, 4, 4, 4, 4, 4, 1, 3, 5, 5, 5, 1, 3, 5, 5, 5, 5, 5, 5, 3, 5, 3, 1, 6, 5, 5, 5, 5, 5, 5, 6, 3, 1, 3, 1, 3, 3, 5, 0, 4, 4, 5, 3, 2, 4, 2, 6, 4, 4, 4, 4, 4, 4, 1, 3, 5, 5]
Execution Time (s): 71.34759759902954

Instance: queen8_12.col
Size: 96
True χ: 12
Predicted χ (GNN): 12
Predicted Colors: [5, 5, 5, 3, 5, 5, 5, 5, 5, 5, 5, 5, 2, 7, 2, 7, 7, 3, 7, 3, 7, 0, 3, 3, 7, 7, 7, 7, 3, 7, 0, 5, 0, 5, 0, 5, 7, 7, 7, 7, 7, 3, 7, 11, 0, 3, 3, 11, 2, 2, 2, 2, 7, 7, 3, 3, 3, 11, 3, 3, 7, 7, 7, 7, 7, 0, 3, 11, 3, 11, 11, 11, 3, 3, 3, 3, 11, 11, 11, 11, 11, 11, 11, 11, 3, 3, 3, 11, 11, 11, 3, 11, 11, 11, 11, 11]
Execution Time (s): 123.83396792411804

Instance: games120.col
Size: 120
True χ: 9
Predicted χ (GNN): 9
Predicted Colors: [3, 8, 1, 0, 8, 7, 6, 0, 7, 6, 7, 4, 7, 7, 3, 3, 1, 2, 4, 4, 6, 1, 8, 7, 6, 6, 2, 7, 3, 8, 7, 6, 7, 2, 8, 6, 3, 4, 3, 7, 7, 1, 8, 1, 7, 0, 3, 6, 7, 7, 0, 7, 0, 7, 7, 2, 0, 6, 3, 7, 7, 3, 0, 6, 3, 7, 2, 6, 6, 3, 0, 6, 0, 7, 6, 8, 8, 4, 6, 4, 7, 0, 0, 4, 4, 0, 7, 2, 3, 8, 1, 8, 2, 0, 3, 0, 8, 0, 7, 0, 7, 8, 1, 4, 1, 6, 7, 3, 6, 4, 6, 0, 0, 6, 3, 7, 8, 0, 3, 6]
Execution Time (s): 100.9590425491333

Instance: queen11_11.col
Size: 121
True χ: 11
Predicted χ (GNN): 10
Predicted Colors: [9, 9, 9, 9, 9, 9, 9, 9, 9, 9, 9, 9, 9, 9, 9, 9, 9, 9, 9, 9, 9, 9, 9, 9, 9, 9, 9, 9, 9, 9, 9, 9, 9, 9, 9, 9, 9, 9, 9, 9, 9, 9, 9, 9, 9, 9, 9, 9, 9, 9, 9, 9, 9, 9, 9, 9, 9, 9, 9, 9, 9, 9, 9, 9, 9, 9, 9, 9, 9, 9, 9, 9, 9, 9, 9, 9, 9, 9, 9, 9, 9, 9, 9, 9, 9, 9, 9, 9, 9, 9, 9, 9, 9, 9, 9, 9, 9, 9, 9, 9, 9, 9, 9, 9, 9, 9, 9, 9, 9, 9, 9, 9, 9, 9, 9, 9, 9, 9, 9, 9, 9]
Execution Time (s): 164.10704255104065

Instance: anna.col
Size: 138
True χ: 11
Predicted χ (GNN): 11
Predicted Colors: [6, 8, 6, 8, 4, 10, 4, 0, 10, 7, 4, 5, 5, 10, 7, 6, 6, 10, 10, 6, 6, 5, 6, 7, 9, 10, 5, 4, 1, 0, 0, 6, 6, 5, 3, 10, 6, 5, 9, 3, 1, 8, 5, 10, 10, 6, 5, 0, 2, 3, 8, 10, 3, 5, 3, 1, 6, 10, 10, 1, 5, 3, 10, 6, 1, 8, 5, 6, 0, 6, 7, 9, 6, 10, 10, 8, 6, 10, 4, 4, 6, 5, 10, 9, 3, 0, 1, 9, 10, 3, 6, 9, 1, 5, 6, 3, 1, 3, 6, 5, 6, 9, 5, 5, 6, 10, 8, 10, 8, 8, 1, 3, 8, 8, 1, 10, 1, 4, 1, 5, 5, 9, 9, 7, 5, 10, 10, 8, 3, 6, 2, 0, 1, 3, 10, 10, 2, 3]
Execution Time (s): 79.96490788459778

Instance: 2-Insertions_4.col
Size: 149
True χ: 4
Predicted χ (GNN): 4
Predicted Colors: [1, 1, 0, 1, 1, 3, 1, 3, 3, 0, 1, 0, 1, 3, 1, 2, 3, 3, 3, 0, 2, 0, 1, 3, 2, 3, 3, 3, 0, 3, 2, 1, 0, 0, 2, 3, 3, 1, 1, 0, 1, 3, 1, 2, 3, 3, 0, 1, 0, 1, 3, 1, 2, 1, 3, 3, 0, 0, 1, 3, 3, 0, 1, 0, 3, 3, 3, 2, 3, 0, 3, 2, 3, 3, 3, 3, 3, 3, 3, 0, 1, 1, 0, 3, 2, 1, 3, 3, 2, 1, 3, 3, 3, 3, 3, 1, 3, 0, 1, 2, 0, 3, 3, 1, 3, 3, 3, 1, 0, 3, 3, 0, 1, 0, 1, 0, 1, 2, 0, 2, 0, 3, 2, 2, 2, 1, 0, 0, 2, 1, 1, 0, 3, 0, 1, 0, 1, 0, 3, 1, 3, 2, 2, 1, 3, 2, 2, 1, 1]
Execution Time (s): 79.63280510902405

Instance: queen13_13.col
Size: 169
True χ: 13
Predicted χ (GNN): 3
Predicted Colors: [2, 2, 2, 2, 2, 2, 2, 2, 2, 2, 2, 2, 2, 2, 2, 2, 2, 2, 2, 2, 2, 2, 2, 2, 2, 2, 2, 2, 2, 2, 2, 2, 2, 2, 2, 2, 2, 2, 2, 2, 2, 2, 2, 2, 2, 2, 2, 2, 2, 2, 2, 2, 2, 2, 2, 2, 2, 2, 2, 2, 2, 2, 2, 2, 2, 2, 2, 2, 2, 2, 2, 2, 2, 2, 2, 2, 2, 2, 2, 2, 2, 2, 2, 2, 2, 2, 2, 2, 2, 2, 2, 2, 2, 2, 2, 2, 2, 2, 2, 2, 2, 2, 2, 2, 2, 2, 2, 2, 2, 2, 2, 2, 2, 2, 2, 2, 2, 2, 2, 2, 2, 2, 2, 2, 2, 2, 2, 2, 2, 2, 2, 2, 2, 2, 2, 2, 2, 2, 2, 2, 2, 2, 2, 2, 2, 2, 2, 2, 2, 2, 2, 2, 2, 2, 2, 2, 2, 2, 2, 2, 2, 2, 2, 2, 2, 2, 2, 2, 2]
Execution Time (s): 192.1322751045227

Instance: myciel7.col
Size: 191
True χ: 8
Predicted χ (GNN): 8
Predicted Colors: [5, 5, 5, 3, 5, 2, 5, 5, 3, 5, 4, 4, 5, 5, 1, 3, 1, 4, 4, 4, 5, 4, 1, 4, 4, 5, 5, 4, 1, 1, 1, 1, 1, 3, 3, 5, 5, 6, 3, 3, 4, 4, 4, 6, 4, 1, 1, 1, 3, 6, 6, 4, 1, 4, 1, 1, 1, 3, 5, 3, 6, 6, 3, 1, 4, 1, 4, 5, 3, 1, 4, 2, 3, 1, 4, 1, 1, 1, 1, 1, 0, 3, 7, 3, 1, 3, 1, 4, 1, 1, 1, 0, 1, 1, 0, 1, 0, 6, 6, 7, 1, 1, 1, 6, 1, 0, 6, 0, 6, 6, 6, 1, 6, 1, 6, 1, 6, 1, 1, 0, 1, 6, 0, 1, 1, 1, 1, 1, 0, 6, 0, 6, 1, 0, 1, 1, 1, 1, 1, 1, 1, 1, 1, 0, 1, 6, 4, 1, 1, 1, 1, 1, 0, 1, 0, 6, 6, 3, 1, 4, 1, 1, 1, 3, 1, 2, 2, 1, 1, 4, 1, 1, 1, 1, 1, 2, 3, 1, 0, 1, 0, 1, 1, 1, 1, 1, 2, 1, 1, 0, 0]
Execution Time (s): 122.53563928604126

Instance: homer.col
Size: 561
True χ: 13
Predicted χ (GNN): 13
Predicted Colors: [10, 3, 9, 6, 11, 6, 10, 0, 1, 11, 10, 2, 5, 2, 4, 1, 4, 11, 7, 9, 12, 0, 3, 7, 9, 12, 3, 10, 11, 4, 9, 1, 3, 0, 9, 5, 6, 2, 10, 6, 5, 9, 7, 5, 3, 1, 4, 7, 12, 6, 4, 7, 6, 9, 8, 11, 9, 4, 1, 9, 10, 11, 2, 9, 4, 11, 12, 10, 1, 8, 7, 9, 2, 4, 1, 10, 9, 6, 3, 5, 9, 0, 10, 12, 10, 10, 9, 3, 4, 4, 5, 4, 2, 7, 9, 2, 9, 0, 9, 0, 12, 11, 10, 1, 12, 3, 9, 0, 3, 1, 12, 4, 11, 9, 9, 1, 6, 6, 10, 11, 6, 4, 4, 5, 3, 3, 8, 3, 9, 11, 3, 11, 11, 2, 10, 12, 11, 11, 11, 9, 1, 2, 3, 6, 1, 11, 0, 1, 6, 12, 4, 6, 1, 9, 6, 4, 9, 4, 11, 11, 9, 11, 4, 10, 0, 5, 10, 10, 11, 7, 4, 10, 6, 1, 4, 0, 10, 10, 7, 2, 4, 4, 6, 10, 3, 4, 12, 5, 10, 11, 4, 1, 3, 11, 5, 6, 9, 9, 5, 11, 12, 5, 1, 6, 12, 5, 6, 2, 1, 10, 5, 1, 6, 9, 4, 10, 3, 6, 10, 8, 7, 1, 3, 4, 5, 6, 9, 10, 9, 9, 3, 3, 4, 2, 10, 12, 0, 10, 3, 7, 5, 0, 6, 4, 7, 11, 9, 9, 11, 6, 10, 9, 3, 12, 9, 5, 5, 5, 3, 4, 12, 6, 11, 8, 11, 12, 9, 4, 9, 4, 8, 7, 5, 3, 6, 11, 6, 6, 3, 4, 5, 3, 4, 5, 9, 11, 11, 8, 11, 7, 12, 9, 0, 3, 11, 12, 7, 2, 4, 1, 12, 3, 7, 9, 10, 12, 5, 3, 6, 9, 12, 3, 3, 10, 10, 2, 11, 8, 11, 9, 0, 9, 7, 8, 9, 2, 12, 11, 3, 4, 0, 11, 2, 6, 10, 6, 11, 4, 3, 4, 6, 12, 9, 10, 9, 3, 6, 6, 10, 1, 2, 9, 10, 6, 8, 8, 4, 3, 4, 0, 9, 7, 11, 3, 11, 11, 0, 1, 1, 6, 5, 4, 11, 11, 10, 11, 5, 9, 12, 6, 10, 8, 0, 1, 6, 11, 10, 5, 5, 8, 3, 3, 10, 8, 7, 8, 9, 4, 0, 4, 12, 3, 0, 5, 0, 0, 3, 1, 5, 9, 6, 11, 10, 10, 6, 5, 8, 12, 4, 12, 5, 11, 7, 11, 6, 11, 8, 6, 1, 4, 4, 3, 9, 5, 4, 0, 0, 9, 6, 10, 9, 9, 4, 7, 1, 4, 4, 6, 10, 7, 1, 9, 6, 9, 6, 4, 6, 2, 12, 4, 0, 11, 9, 11, 10, 5, 0, 9, 1, 2, 12, 6, 2, 4, 9, 4, 8, 5, 11, 8, 2, 11, 11, 6, 10, 1, 10, 12, 9, 4, 6, 4, 4, 11, 6, 0, 2, 9, 2, 9, 2, 6, 3, 3, 6, 6, 5, 2, 3, 4, 2, 11, 3, 0, 4, 5, 10, 3, 0, 11, 9, 10, 7, 5, 11, 9, 8, 11, 12, 3, 7, 8, 9, 10, 9, 6, 1, 4, 5, 5, 9, 11, 9, 4, 10, 2, 3, 6, 5, 3, 11, 0, 1, 11, 9, 9, 4, 4, 2, 1, 3]
Execution Time (s): 174.93904495239258

