Table 1: Results for Color02/03/04 instances:
Instance: queen5_5.col
Size: 25
True χ: 5
Predicted χ (GNN): 2
Predicted Colors: [1, 1, 1, 1, 1, 1, 1, 1, 1, 1, 1, 1, 1, 1, 1, 1, 1, 1, 1, 1, 1, 1, 1, 1, 1]
Execution Time (s): 76.55541801452637

Instance: queen6_6.col
Size: 36
True χ: 7
Predicted χ (GNN): 4
Predicted Colors: [3, 3, 3, 3, 3, 3, 3, 3, 3, 3, 3, 3, 3, 3, 3, 3, 3, 3, 3, 3, 3, 3, 3, 3, 3, 3, 3, 3, 3, 3, 3, 3, 3, 3, 3, 3]
Execution Time (s): 83.99095702171326

Instance: myciel5.col
Size: 47
True χ: 6
Predicted χ (GNN): 4
Predicted Colors: [3, 3, 3, 3, 3, 3, 3, 3, 3, 3, 3, 3, 3, 3, 3, 3, 3, 3, 3, 3, 3, 3, 3, 3, 3, 3, 3, 3, 3, 3, 3, 3, 3, 3, 3, 3, 3, 3, 3, 3, 3, 3, 3, 3, 3, 3, 3]
Execution Time (s): 57.3071768283844

Instance: queen7_7.col
Size: 49
True χ: 7
Predicted χ (GNN): 4
Predicted Colors: [3, 3, 3, 3, 3, 3, 3, 3, 3, 3, 3, 3, 3, 3, 3, 3, 3, 3, 3, 3, 3, 3, 3, 3, 3, 3, 3, 3, 3, 3, 3, 3, 3, 3, 3, 3, 3, 3, 3, 3, 3, 3, 3, 3, 3, 3, 3, 3, 3]
Execution Time (s): 93.30136275291443

Instance: queen8_8.col
Size: 64
True χ: 9
Predicted χ (GNN): 2
Predicted Colors: [1, 1, 1, 1, 1, 1, 1, 1, 1, 1, 1, 1, 1, 1, 1, 1, 1, 1, 1, 1, 1, 1, 1, 1, 1, 1, 1, 1, 1, 1, 1, 1, 1, 1, 1, 1, 1, 1, 1, 1, 1, 1, 1, 1, 1, 1, 1, 1, 1, 1, 1, 1, 1, 1, 1, 1, 1, 1, 1, 1, 1, 1, 1, 1]
Execution Time (s): 125.30057287216187

Instance: 1-Insertions_4.col
Size: 67
True χ: 4
Predicted χ (GNN): 4
Predicted Colors: [0, 1, 0, 1, 0, 1, 2, 0, 1, 0, 1, 0, 1, 2, 2, 1, 2, 1, 3, 1, 2, 0, 0, 1, 0, 1, 0, 1, 2, 0, 1, 0, 1, 0, 1, 2, 2, 2, 2, 2, 3, 3, 2, 0, 2, 1, 2, 1, 3, 1, 2, 3, 1, 4, 1, 3, 1, 2, 2, 1, 2, 1, 3, 1, 2, 1, 0]
Execution Time (s): 80.63600826263428

Instance: huck.col
Size: 74
True χ: 11
Predicted χ (GNN): 9
Predicted Colors: [1, 1, 1, 1, 1, 8, 8, 7, 1, 1, 1, 1, 1, 7, 1, 8, 8, 1, 1, 8, 8, 1, 8, 8, 1, 1, 1, 8, 1, 8, 7, 1, 1, 8, 8, 1, 1, 7, 8, 1, 1, 8, 1, 1, 1, 1, 1, 8, 1, 1, 1, 7, 1, 8, 8, 1, 1, 8, 1, 1, 1, 1, 1, 8, 8, 1, 1, 1, 1, 8, 1, 1, 1, 1]
Execution Time (s): 111.98802161216736

Instance: jean.col
Size: 80
True χ: 10
Predicted χ (GNN): 8
Predicted Colors: [7, 7, 7, 7, 7, 7, 7, 7, 7, 7, 7, 7, 7, 7, 7, 7, 7, 7, 7, 7, 7, 7, 7, 7, 7, 7, 7, 7, 7, 7, 7, 7, 7, 7, 7, 7, 7, 7, 7, 7, 7, 7, 7, 7, 7, 7, 7, 7, 7, 7, 7, 7, 7, 7, 7, 7, 7, 7, 7, 7, 7, 7, 7, 7, 7, 7, 7, 7, 7, 7, 7, 7, 7, 7, 7, 7, 7, 7, 7, 7]
Execution Time (s): 102.72016978263855

Instance: queen9_9.col
Size: 81
True χ: 10
Predicted χ (GNN): 6
Predicted Colors: [5, 5, 5, 5, 5, 5, 5, 5, 5, 5, 5, 5, 5, 5, 5, 5, 5, 5, 5, 5, 5, 5, 5, 5, 5, 5, 5, 5, 5, 5, 5, 5, 5, 5, 5, 5, 5, 5, 5, 5, 5, 5, 5, 5, 5, 5, 5, 5, 5, 5, 5, 5, 5, 5, 5, 5, 5, 5, 5, 5, 5, 5, 5, 5, 5, 5, 5, 5, 5, 5, 5, 5, 5, 5, 5, 5, 5, 5, 5, 5, 5]
Execution Time (s): 134.13867688179016

Instance: david.col
Size: 87
True χ: 11
Predicted χ (GNN): 7
Predicted Colors: [4, 3, 3, 4, 4, 6, 3, 4, 3, 4, 4, 4, 6, 4, 4, 4, 6, 4, 6, 4, 4, 4, 3, 4, 4, 4, 6, 6, 3, 3, 4, 4, 3, 3, 3, 4, 6, 3, 3, 3, 4, 3, 6, 4, 6, 4, 6, 4, 4, 6, 6, 3, 3, 4, 4, 4, 3, 6, 4, 6, 4, 3, 4, 3, 4, 4, 4, 3, 6, 4, 3, 3, 6, 4, 4, 4, 4, 4, 4, 4, 3, 3, 3, 6, 6, 4, 3]
Execution Time (s): 120.3012957572937

Instance: mug88_1.col
Size: 88
True χ: 4
Predicted χ (GNN): 3
Predicted Colors: [2, 2, 2, 2, 2, 2, 2, 2, 2, 2, 2, 2, 2, 2, 2, 2, 2, 2, 2, 2, 2, 2, 2, 2, 2, 2, 2, 2, 2, 2, 2, 2, 2, 2, 2, 2, 2, 2, 2, 2, 2, 2, 2, 2, 2, 2, 2, 2, 2, 2, 2, 2, 2, 2, 2, 2, 2, 2, 2, 2, 2, 2, 2, 2, 2, 2, 2, 2, 2, 2, 2, 2, 2, 2, 2, 2, 2, 2, 2, 2, 2, 2, 2, 2, 2, 2, 2, 2]
Execution Time (s): 99.33978176116943

Instance: myciel6.col
Size: 95
True χ: 7
Predicted χ (GNN): 3
Predicted Colors: [2, 2, 2, 2, 2, 2, 2, 2, 2, 2, 2, 2, 2, 2, 2, 2, 2, 2, 2, 2, 2, 2, 2, 2, 2, 2, 2, 2, 2, 2, 2, 2, 2, 2, 2, 2, 2, 2, 2, 2, 2, 2, 2, 2, 2, 2, 2, 2, 2, 2, 2, 2, 2, 2, 2, 2, 2, 2, 2, 2, 2, 2, 2, 2, 2, 2, 2, 2, 2, 2, 2, 2, 2, 2, 2, 2, 2, 2, 2, 2, 2, 2, 2, 2, 2, 2, 2, 2, 2, 2, 2, 2, 2, 2, 2]
Execution Time (s): 134.5743374824524

Instance: queen8_12.col
Size: 96
True χ: 12
Predicted χ (GNN): 11
Predicted Colors: [10, 10, 10, 10, 10, 10, 10, 10, 10, 10, 10, 10, 10, 10, 10, 10, 10, 10, 10, 10, 10, 10, 10, 10, 10, 10, 10, 10, 10, 10, 10, 10, 10, 10, 10, 10, 10, 10, 10, 10, 10, 10, 10, 10, 10, 10, 10, 10, 10, 10, 10, 10, 10, 10, 10, 10, 10, 10, 10, 10, 10, 10, 10, 10, 10, 10, 10, 10, 10, 10, 10, 10, 10, 10, 10, 10, 10, 10, 10, 10, 10, 10, 10, 10, 10, 10, 10, 10, 10, 10, 10, 10, 10, 10, 10, 10]
Execution Time (s): 197.10523414611816

Instance: games120.col
Size: 120
True χ: 9
Predicted χ (GNN): 8
Predicted Colors: [6, 7, 6, 6, 6, 7, 6, 6, 6, 6, 7, 6, 7, 7, 6, 6, 6, 6, 6, 6, 6, 6, 6, 7, 6, 6, 6, 6, 6, 7, 6, 6, 6, 6, 6, 6, 6, 6, 6, 6, 7, 6, 6, 6, 6, 6, 6, 6, 6, 6, 6, 6, 6, 7, 7, 6, 6, 6, 6, 7, 6, 6, 6, 6, 6, 6, 6, 6, 6, 6, 6, 6, 6, 6, 6, 6, 7, 6, 6, 6, 6, 6, 6, 6, 6, 6, 7, 6, 6, 6, 6, 7, 6, 6, 6, 6, 6, 6, 6, 6, 6, 6, 6, 6, 6, 6, 6, 6, 6, 6, 6, 6, 6, 6, 6, 6, 6, 6, 6, 6]
Execution Time (s): 136.52202773094177

Instance: queen11_11.col
Size: 121
True χ: 11
Predicted χ (GNN): 9
Predicted Colors: [8, 8, 8, 8, 8, 8, 8, 8, 8, 8, 8, 8, 8, 8, 8, 8, 8, 8, 8, 8, 8, 8, 8, 8, 8, 8, 8, 8, 8, 8, 8, 8, 8, 8, 8, 8, 8, 8, 8, 8, 8, 8, 8, 8, 8, 8, 8, 8, 8, 8, 8, 8, 8, 8, 8, 8, 8, 8, 8, 8, 8, 8, 8, 8, 8, 8, 8, 8, 8, 8, 8, 8, 8, 8, 8, 8, 8, 8, 8, 8, 8, 8, 8, 8, 8, 8, 8, 8, 8, 8, 8, 8, 8, 8, 8, 8, 8, 8, 8, 8, 8, 8, 8, 8, 8, 8, 8, 8, 8, 8, 8, 8, 8, 8, 8, 8, 8, 8, 8, 8, 8]
Execution Time (s): 219.672260761261

Instance: anna.col
Size: 138
True χ: 11
Predicted χ (GNN): 10
Predicted Colors: [9, 9, 9, 9, 9, 9, 9, 9, 9, 9, 9, 9, 9, 9, 9, 9, 9, 9, 9, 9, 9, 9, 9, 9, 9, 9, 9, 9, 9, 9, 9, 9, 9, 9, 9, 9, 9, 9, 9, 9, 9, 5, 9, 9, 9, 9, 9, 9, 9, 9, 9, 9, 9, 9, 9, 9, 9, 9, 9, 9, 9, 9, 9, 9, 9, 9, 9, 9, 5, 9, 9, 9, 9, 9, 9, 9, 9, 9, 9, 9, 9, 9, 9, 9, 9, 5, 9, 9, 9, 9, 9, 9, 9, 9, 9, 9, 9, 9, 9, 9, 9, 9, 9, 9, 9, 9, 9, 9, 9, 9, 9, 9, 9, 9, 9, 9, 9, 9, 9, 9, 9, 9, 9, 9, 9, 9, 9, 9, 9, 9, 9, 9, 9, 9, 9, 9, 9, 9]
Execution Time (s): 139.81452751159668

Instance: 2-Insertions_4.col
Size: 149
True χ: 4
Predicted χ (GNN): 4
Predicted Colors: [0, 1, 0, 1, 0, 1, 0, 1, 2, 0, 1, 0, 1, 0, 1, 0, 1, 2, 0, 1, 0, 1, 0, 1, 0, 1, 2, 2, 1, 2, 1, 2, 1, 3, 1, 2, 0, 0, 1, 0, 1, 0, 1, 0, 1, 2, 0, 1, 0, 1, 0, 1, 0, 1, 2, 0, 1, 0, 1, 0, 1, 0, 1, 2, 2, 1, 2, 1, 2, 1, 3, 1, 2, 0, 0, 1, 0, 1, 0, 1, 0, 1, 2, 0, 1, 0, 1, 0, 1, 0, 1, 2, 0, 1, 0, 1, 0, 1, 0, 1, 2, 2, 2, 2, 2, 2, 2, 3, 3, 2, 0, 2, 1, 2, 1, 2, 1, 3, 1, 2, 2, 1, 2, 1, 2, 1, 3, 1, 2, 3, 1, 3, 1, 4, 1, 3, 1, 2, 2, 1, 2, 1, 2, 1, 3, 1, 2, 1, 0]
Execution Time (s): 118.23421573638916

Instance: queen13_13.col
Size: 169
True χ: 13
Predicted χ (GNN): 10
Predicted Colors: [9, 9, 9, 9, 9, 9, 9, 9, 9, 9, 9, 9, 9, 9, 9, 9, 9, 9, 9, 9, 9, 9, 9, 9, 9, 9, 9, 9, 9, 9, 9, 9, 9, 9, 9, 9, 9, 9, 9, 9, 9, 9, 9, 9, 9, 9, 9, 9, 9, 9, 9, 9, 9, 9, 9, 9, 9, 9, 9, 9, 9, 9, 9, 9, 9, 9, 9, 9, 9, 9, 9, 9, 9, 9, 9, 9, 9, 9, 9, 9, 9, 9, 9, 9, 9, 9, 9, 9, 9, 9, 9, 9, 9, 9, 9, 9, 9, 9, 9, 9, 9, 9, 9, 9, 9, 9, 9, 9, 9, 9, 9, 9, 9, 9, 9, 9, 9, 9, 9, 9, 9, 9, 9, 9, 9, 9, 9, 9, 9, 9, 9, 9, 9, 9, 9, 9, 9, 9, 9, 9, 9, 9, 9, 9, 9, 9, 9, 9, 9, 9, 9, 9, 9, 9, 9, 9, 9, 9, 9, 9, 9, 9, 9, 9, 9, 9, 9, 9, 9]
Execution Time (s): 300.3750252723694

Instance: myciel7.col
Size: 191
True χ: 8
Predicted χ (GNN): 8
Predicted Colors: [0, 1, 0, 1, 2, 2, 1, 3, 1, 2, 0, 3, 4, 3, 3, 4, 3, 6, 3, 3, 5, 4, 0, 5, 1, 3, 1, 4, 5, 1, 3, 1, 5, 4, 3, 4, 3, 3, 4, 3, 5, 3, 3, 5, 4, 1, 0, 2, 4, 3, 6, 2, 2, 6, 3, 6, 2, 4, 2, 4, 3, 3, 2, 2, 6, 3, 3, 2, 4, 2, 5, 4, 3, 6, 4, 5, 5, 3, 5, 5, 4, 3, 4, 3, 3, 4, 3, 5, 3, 3, 5, 4, 7, 2, 0, 2, 1, 3, 1, 2, 2, 1, 3, 1, 2, 4, 3, 4, 3, 3, 4, 3, 6, 3, 3, 5, 4, 1, 5, 1, 3, 1, 4, 5, 1, 3, 1, 5, 4, 3, 1, 3, 1, 4, 3, 1, 3, 1, 5, 4, 1, 2, 2, 1, 3, 1, 2, 2, 1, 3, 1, 2, 4, 2, 4, 3, 3, 2, 2, 2, 3, 3, 2, 4, 1, 2, 1, 3, 1, 2, 2, 1, 3, 1, 2, 4, 2, 1, 3, 1, 2, 2, 1, 3, 1, 2, 4, 1, 2, 1, 0]
Execution Time (s): 203.9471619129181

Instance: homer.col
Size: 561
True χ: 13
Predicted χ (GNN): 11
Predicted Colors: [7, 7, 7, 7, 7, 7, 7, 7, 7, 7, 7, 7, 7, 7, 7, 7, 7, 7, 7, 7, 7, 7, 7, 7, 7, 7, 7, 7, 7, 7, 7, 7, 7, 7, 7, 7, 7, 7, 7, 7, 7, 7, 7, 7, 7, 7, 7, 7, 7, 7, 7, 7, 7, 7, 7, 7, 7, 7, 10, 7, 7, 7, 7, 7, 7, 7, 7, 3, 7, 7, 7, 7, 7, 7, 7, 7, 7, 7, 7, 7, 7, 7, 7, 7, 7, 7, 7, 7, 7, 7, 7, 3, 7, 7, 7, 7, 7, 7, 7, 7, 7, 7, 7, 7, 7, 7, 7, 7, 7, 7, 7, 7, 7, 7, 7, 7, 7, 7, 7, 7, 7, 7, 7, 7, 7, 7, 8, 7, 7, 7, 7, 7, 7, 7, 7, 7, 7, 7, 7, 7, 7, 7, 7, 7, 7, 7, 7, 7, 7, 7, 7, 7, 7, 7, 7, 7, 7, 7, 7, 7, 7, 7, 7, 7, 7, 7, 7, 7, 7, 7, 7, 7, 7, 7, 7, 7, 7, 7, 7, 7, 7, 7, 7, 7, 7, 7, 7, 7, 7, 7, 7, 7, 7, 7, 7, 7, 7, 7, 7, 7, 7, 7, 7, 7, 7, 7, 7, 7, 7, 7, 7, 10, 7, 7, 7, 7, 7, 7, 7, 7, 7, 7, 7, 7, 7, 7, 7, 7, 7, 7, 7, 7, 7, 7, 7, 7, 7, 7, 7, 7, 7, 7, 7, 7, 7, 7, 7, 7, 7, 7, 7, 7, 7, 7, 7, 7, 7, 7, 7, 7, 7, 7, 7, 7, 7, 7, 7, 7, 7, 7, 7, 7, 7, 7, 7, 7, 7, 7, 7, 7, 7, 7, 7, 7, 7, 7, 7, 7, 7, 7, 7, 7, 7, 7, 7, 7, 7, 7, 7, 7, 7, 7, 7, 7, 7, 7, 7, 7, 7, 7, 7, 7, 7, 7, 7, 7, 7, 7, 7, 7, 7, 7, 7, 7, 7, 7, 7, 7, 7, 7, 7, 7, 7, 7, 7, 7, 7, 7, 7, 7, 7, 7, 7, 7, 7, 7, 7, 7, 7, 7, 7, 7, 7, 7, 7, 7, 7, 7, 7, 7, 7, 7, 7, 7, 7, 7, 7, 7, 7, 7, 7, 7, 7, 7, 7, 7, 7, 7, 7, 7, 7, 7, 7, 7, 7, 7, 7, 7, 7, 7, 7, 7, 7, 7, 7, 7, 7, 7, 7, 7, 7, 7, 7, 7, 7, 7, 7, 7, 7, 7, 7, 7, 7, 7, 7, 7, 7, 7, 7, 7, 7, 7, 7, 7, 7, 7, 7, 7, 7, 7, 7, 7, 7, 7, 7, 7, 7, 7, 7, 7, 7, 7, 7, 7, 7, 7, 7, 7, 7, 7, 7, 7, 7, 7, 7, 7, 7, 7, 7, 7, 7, 7, 7, 7, 7, 7, 7, 7, 7, 7, 7, 7, 7, 7, 7, 7, 7, 7, 7, 7, 7, 7, 7, 7, 7, 7, 7, 7, 7, 7, 7, 7, 7, 7, 7, 7, 7, 7, 7, 7, 7, 7, 7, 7, 7, 7, 7, 7, 7, 7, 7, 7, 7, 7, 7, 7, 7, 7, 7, 6, 7, 7, 7, 7, 7, 7, 7, 7, 7, 7, 7, 7, 7, 7, 7, 7, 7, 7, 7, 7, 7, 7, 7, 7, 7, 7, 7, 7, 7, 7, 7, 7, 7, 7, 7, 7, 3, 7, 7, 7, 7]
Execution Time (s): 250.95062136650085

