Table 1: Results for Color02/03/04 instances:
Instance: queen5_5.col
Size: 25
True χ: 5
Predicted χ (GNN): 7
Predicted Colors: [5, 4, 0, 3, 1, 3, 1, 6, 2, 0, 2, 0, 4, 1, 5, 1, 3, 5, 0, 2, 0, 2, 1, 4, 3]
Execution Time (s): 70.57294487953186

Instance: queen6_6.col
Size: 36
True χ: 7
Predicted χ (GNN): 9
Predicted Colors: [2, 5, 7, 6, 0, 1, 1, 4, 3, 8, 2, 6, 3, 0, 1, 4, 5, 7, 5, 7, 6, 0, 1, 3, 4, 3, 8, 5, 6, 0, 0, 1, 4, 2, 3, 5]
Execution Time (s): 76.987948179245

Instance: myciel5.col
Size: 47
True χ: 6
Predicted χ (GNN): 6
Predicted Colors: [0, 1, 0, 1, 2, 0, 1, 0, 1, 2, 3, 0, 1, 0, 1, 2, 0, 1, 0, 1, 2, 3, 4, 0, 1, 0, 1, 2, 0, 1, 0, 1, 2, 3, 0, 1, 0, 1, 2, 0, 1, 0, 1, 2, 3, 4, 5]
Execution Time (s): 73.49681615829468

Instance: queen7_7.col
Size: 49
True χ: 7
Predicted χ (GNN): 12
Predicted Colors: [4, 3, 7, 1, 0, 5, 2, 5, 6, 8, 4, 2, 1, 0, 1, 0, 2, 6, 3, 4, 5, 2, 5, 4, 7, 1, 0, 3, 3, 8, 6, 2, 9, 7, 1, 7, 4, 11, 3, 6, 10, 9, 0, 9, 1, 5, 4, 3, 8]
Execution Time (s): 97.27462077140808

Instance: queen8_8.col
Size: 64
True χ: 9
Predicted χ (GNN): 13
Predicted Colors: [2, 6, 4, 8, 3, 7, 5, 11, 11, 0, 3, 1, 5, 4, 2, 6, 3, 7, 5, 2, 0, 6, 1, 8, 9, 4, 1, 6, 7, 2, 0, 5, 10, 3, 2, 0, 4, 1, 6, 7, 0, 1, 10, 7, 6, 8, 9, 3, 8, 9, 0, 4, 1, 3, 7, 10, 12, 5, 7, 3, 2, 0, 4, 1]
Execution Time (s): 91.98004698753357

Instance: 1-Insertions_4.col
Size: 67
True χ: 4
Predicted χ (GNN): 4
Predicted Colors: [0, 1, 0, 1, 0, 1, 2, 0, 1, 0, 1, 0, 1, 2, 2, 1, 2, 1, 3, 1, 2, 0, 0, 1, 0, 1, 0, 1, 2, 0, 1, 0, 1, 0, 1, 2, 2, 2, 2, 2, 3, 3, 2, 0, 2, 1, 2, 1, 3, 1, 2, 3, 1, 4, 1, 3, 1, 2, 2, 1, 2, 1, 3, 1, 2, 1, 0]
Execution Time (s): 74.1257221698761

Instance: huck.col
Size: 74
True χ: 11
Predicted χ (GNN): 11
Predicted Colors: [3, 5, 1, 1, 9, 3, 0, 0, 4, 5, 7, 7, 4, 6, 1, 1, 1, 3, 8, 8, 5, 5, 2, 1, 10, 0, 6, 0, 5, 3, 5, 2, 0, 6, 0, 1, 0, 7, 7, 6, 3, 2, 0, 1, 2, 6, 5, 1, 2, 8, 4, 2, 3, 1, 0, 9, 2, 2, 1, 5, 0, 4, 0, 4, 2, 1, 6, 7, 6, 1, 0, 1, 4, 1]
Execution Time (s): 95.19732403755188

Instance: jean.col
Size: 80
True χ: 10
Predicted χ (GNN): 12
Predicted Colors: [0, 2, 7, 0, 0, 5, 2, 1, 8, 2, 0, 0, 0, 1, 10, 0, 3, 0, 3, 1, 0, 4, 0, 0, 5, 0, 1, 2, 2, 0, 0, 0, 6, 7, 6, 0, 11, 1, 5, 0, 0, 1, 1, 5, 0, 1, 1, 2, 0, 1, 0, 0, 0, 0, 4, 0, 3, 1, 4, 0, 0, 0, 2, 0, 0, 6, 0, 4, 3, 0, 0, 9, 4, 0, 0, 1, 1, 0, 5, 0]
Execution Time (s): 72.40127682685852

Instance: queen9_9.col
Size: 81
True χ: 10
Predicted χ (GNN): 14
Predicted Colors: [7, 1, 4, 11, 3, 9, 5, 2, 0, 8, 3, 5, 7, 1, 2, 12, 6, 9, 5, 9, 2, 4, 0, 13, 1, 8, 3, 1, 6, 11, 8, 7, 10, 4, 5, 2, 0, 7, 1, 6, 5, 3, 2, 12, 4, 2, 4, 10, 9, 12, 6, 11, 1, 7, 6, 8, 3, 2, 4, 1, 0, 9, 5, 3, 2, 6, 1, 9, 7, 10, 4, 8, 4, 5, 0, 10, 2, 8, 3, 7, 1]
Execution Time (s): 131.56843423843384

Instance: david.col
Size: 87
True χ: 11
Predicted χ (GNN): 11
Predicted Colors: [3, 2, 1, 6, 1, 1, 7, 1, 2, 1, 4, 3, 3, 1, 1, 5, 2, 2, 1, 2, 10, 2, 4, 2, 1, 1, 4, 1, 8, 2, 2, 8, 5, 5, 6, 1, 5, 1, 1, 5, 1, 6, 5, 1, 7, 7, 2, 1, 3, 9, 3, 5, 8, 4, 10, 1, 1, 4, 1, 2, 2, 1, 3, 1, 1, 4, 1, 4, 2, 1, 6, 7, 8, 9, 1, 3, 1, 2, 5, 5, 7, 1, 0, 6, 0, 1, 3]
Execution Time (s): 116.59006428718567

Instance: mug88_1.col
Size: 88
True χ: 4
Predicted χ (GNN): 4
Predicted Colors: [2, 1, 1, 0, 0, 1, 0, 0, 1, 2, 0, 1, 2, 0, 1, 2, 0, 1, 3, 1, 0, 0, 0, 2, 3, 1, 2, 3, 0, 1, 2, 1, 0, 2, 0, 1, 2, 0, 1, 2, 1, 0, 2, 1, 0, 2, 0, 1, 3, 1, 0, 2, 0, 2, 2, 0, 1, 3, 3, 2, 1, 1, 0, 2, 0, 2, 1, 1, 2, 0, 1, 3, 0, 0, 2, 3, 1, 2, 3, 0, 1, 2, 0, 2, 1, 0, 1, 2]
Execution Time (s): 78.6023485660553

Instance: myciel6.col
Size: 95
True χ: 7
Predicted χ (GNN): 7
Predicted Colors: [0, 1, 0, 1, 5, 0, 3, 0, 3, 3, 5, 2, 6, 4, 4, 5, 2, 2, 4, 4, 2, 4, 0, 5, 3, 4, 4, 5, 2, 3, 3, 3, 3, 5, 2, 3, 4, 4, 5, 2, 2, 3, 3, 2, 4, 3, 0, 5, 1, 4, 1, 2, 2, 1, 2, 1, 2, 1, 2, 1, 2, 1, 2, 2, 1, 2, 1, 2, 1, 1, 5, 1, 4, 1, 2, 2, 1, 2, 1, 2, 1, 2, 1, 2, 1, 2, 2, 1, 2, 1, 2, 1, 1, 1, 0]
Execution Time (s): 112.23988723754883

Instance: queen8_12.col
Size: 96
True χ: 12
Predicted χ (GNN): 16
Predicted Colors: [6, 1, 11, 8, 5, 12, 9, 10, 4, 0, 2, 3, 4, 9, 2, 10, 7, 8, 11, 6, 5, 3, 1, 0, 1, 3, 0, 4, 12, 15, 14, 2, 7, 9, 6, 8, 5, 6, 9, 14, 3, 13, 10, 0, 8, 1, 4, 2, 3, 10, 7, 12, 11, 6, 8, 4, 2, 5, 0, 1, 2, 4, 1, 0, 8, 10, 12, 9, 3, 6, 7, 5, 0, 14, 8, 11, 9, 5, 4, 7, 1, 2, 3, 6, 9, 12, 13, 1, 2, 3, 6, 8, 0, 7, 5, 4]
Execution Time (s): 178.210702419281

Instance: games120.col
Size: 120
True χ: 9
Predicted χ (GNN): 9
Predicted Colors: [2, 2, 7, 3, 3, 3, 8, 2, 2, 1, 5, 7, 4, 2, 3, 3, 4, 7, 5, 3, 0, 0, 6, 0, 7, 5, 4, 0, 2, 8, 0, 1, 5, 1, 3, 0, 8, 0, 4, 2, 6, 8, 2, 5, 3, 0, 2, 4, 4, 2, 1, 7, 6, 1, 7, 4, 0, 1, 1, 1, 6, 1, 0, 2, 5, 7, 2, 5, 3, 4, 0, 2, 5, 1, 3, 0, 3, 0, 5, 0, 4, 5, 6, 0, 2, 1, 0, 0, 4, 3, 4, 4, 2, 4, 0, 5, 4, 5, 1, 4, 0, 1, 6, 3, 1, 4, 7, 6, 3, 2, 1, 7, 1, 0, 2, 3, 0, 2, 6, 5]
Execution Time (s): 119.21998238563538

Instance: queen11_11.col
Size: 121
True χ: 11
Predicted χ (GNN): 17
Predicted Colors: [6, 1, 12, 7, 9, 0, 3, 10, 5, 4, 2, 10, 7, 9, 6, 4, 2, 5, 8, 0, 3, 1, 9, 4, 11, 5, 8, 3, 7, 6, 1, 2, 0, 14, 8, 3, 9, 0, 13, 1, 11, 4, 6, 5, 5, 2, 7, 11, 14, 8, 10, 0, 3, 1, 4, 7, 6, 8, 10, 5, 4, 11, 1, 2, 0, 3, 0, 9, 1, 15, 13, 12, 2, 3, 7, 5, 6, 1, 12, 10, 14, 7, 5, 0, 13, 6, 11, 8, 3, 11, 15, 13, 12, 6, 14, 2, 8, 10, 9, 2, 0, 5, 4, 11, 10, 13, 15, 9, 12, 7, 12, 3, 13, 16, 2, 1, 4, 5, 11, 8, 10]
Execution Time (s): 223.7585437297821

Instance: anna.col
Size: 138
True χ: 11
Predicted χ (GNN): 11
Predicted Colors: [0, 0, 0, 1, 0, 5, 2, 1, 1, 1, 2, 1, 2, 0, 1, 2, 0, 0, 6, 7, 2, 1, 1, 0, 1, 5, 1, 2, 1, 0, 1, 0, 6, 1, 2, 1, 0, 0, 1, 2, 1, 1, 1, 1, 6, 2, 0, 0, 1, 1, 4, 0, 1, 0, 1, 0, 2, 1, 2, 0, 0, 1, 1, 3, 0, 0, 1, 1, 1, 1, 0, 4, 5, 3, 1, 5, 3, 1, 3, 2, 9, 1, 7, 1, 7, 0, 1, 1, 2, 1, 10, 4, 3, 4, 2, 2, 1, 0, 8, 3, 6, 0, 3, 3, 1, 3, 1, 8, 1, 0, 1, 0, 1, 1, 0, 7, 1, 3, 0, 1, 1, 0, 2, 1, 0, 0, 2, 1, 0, 4, 2, 2, 0, 0, 6, 4, 0, 5]
Execution Time (s): 108.95408797264099

Instance: 2-Insertions_4.col
Size: 149
True χ: 4
Predicted χ (GNN): 4
Predicted Colors: [0, 1, 0, 1, 0, 1, 0, 1, 2, 0, 1, 0, 1, 0, 1, 0, 1, 2, 0, 1, 0, 1, 0, 1, 0, 1, 2, 2, 1, 2, 1, 2, 1, 3, 1, 2, 0, 0, 1, 0, 1, 0, 1, 0, 1, 2, 0, 1, 0, 1, 0, 1, 0, 1, 2, 0, 1, 0, 1, 0, 1, 0, 1, 2, 2, 1, 2, 1, 2, 1, 3, 1, 2, 0, 0, 1, 0, 1, 0, 1, 0, 1, 2, 0, 1, 0, 1, 0, 1, 0, 1, 2, 0, 1, 0, 1, 0, 1, 0, 1, 2, 2, 2, 2, 2, 2, 2, 3, 3, 2, 0, 2, 1, 2, 1, 2, 1, 3, 1, 2, 2, 1, 2, 1, 2, 1, 3, 1, 2, 3, 1, 3, 1, 4, 1, 3, 1, 2, 2, 1, 2, 1, 2, 1, 3, 1, 2, 1, 0]
Execution Time (s): 108.91436314582825

Instance: queen13_13.col
Size: 169
True χ: 13
Predicted χ (GNN): 21
Predicted Colors: [20, 7, 13, 2, 14, 3, 15, 4, 10, 5, 8, 0, 1, 14, 2, 5, 9, 10, 8, 11, 16, 12, 18, 13, 17, 15, 8, 16, 18, 14, 6, 5, 0, 9, 1, 7, 4, 3, 2, 15, 0, 11, 16, 12, 7, 6, 13, 8, 14, 2, 1, 10, 10, 13, 12, 1, 8, 0, 2, 3, 9, 4, 7, 5, 6, 4, 1, 0, 13, 2, 17, 10, 12, 7, 15, 6, 9, 11, 11, 10, 9, 3, 7, 4, 13, 6, 0, 1, 5, 2, 8, 9, 12, 8, 4, 1, 10, 5, 11, 2, 3, 0, 6, 7, 2, 17, 16, 6, 11, 12, 14, 8, 15, 9, 1, 4, 3, 7, 14, 2, 5, 0, 6, 4, 1, 3, 10, 11, 8, 9, 12, 18, 3, 10, 13, 9, 8, 5, 4, 0, 19, 15, 16, 5, 15, 1, 8, 3, 2, 7, 0, 6, 11, 10, 12, 4, 6, 11, 10, 0, 4, 1, 3, 2, 5, 8, 9, 7, 14]
Execution Time (s): 270.6207196712494

Instance: myciel7.col
Size: 191
True χ: 8
Predicted χ (GNN): 8
Predicted Colors: [0, 1, 0, 1, 2, 0, 1, 0, 1, 2, 3, 0, 1, 0, 1, 2, 0, 1, 0, 1, 2, 4, 3, 0, 2, 0, 3, 2, 0, 2, 0, 7, 2, 3, 0, 2, 0, 4, 2, 0, 2, 0, 4, 2, 4, 3, 1, 0, 1, 0, 1, 2, 0, 1, 0, 1, 2, 3, 0, 1, 0, 1, 2, 0, 1, 0, 1, 2, 5, 3, 0, 2, 0, 3, 2, 0, 2, 0, 5, 2, 3, 0, 2, 0, 5, 2, 0, 2, 0, 5, 2, 5, 3, 1, 4, 0, 1, 0, 1, 2, 0, 1, 0, 1, 2, 3, 0, 1, 0, 1, 2, 0, 1, 0, 1, 2, 4, 3, 0, 2, 0, 3, 2, 0, 2, 0, 6, 2, 3, 0, 2, 0, 4, 2, 0, 2, 0, 4, 2, 4, 3, 1, 0, 1, 0, 1, 2, 0, 1, 0, 1, 2, 3, 0, 1, 0, 1, 2, 0, 1, 0, 1, 2, 6, 3, 0, 2, 0, 3, 2, 0, 2, 0, 6, 2, 3, 0, 2, 0, 6, 2, 0, 2, 0, 6, 2, 6, 3, 1, 4, 5]
Execution Time (s): 181.5094017982483

Instance: homer.col
Size: 561
True χ: 13
Predicted χ (GNN): 15
Predicted Colors: [9, 1, 0, 0, 1, 0, 0, 0, 0, 0, 3, 1, 0, 0, 4, 0, 0, 0, 1, 0, 0, 0, 0, 0, 1, 0, 0, 0, 0, 0, 0, 7, 0, 1, 8, 0, 0, 2, 1, 1, 0, 0, 0, 6, 0, 4, 0, 0, 1, 5, 0, 0, 4, 0, 0, 0, 0, 0, 0, 1, 10, 2, 0, 8, 0, 0, 0, 0, 2, 0, 0, 1, 0, 0, 0, 6, 0, 7, 2, 0, 0, 0, 4, 0, 5, 3, 0, 0, 0, 0, 0, 0, 0, 0, 2, 0, 0, 1, 10, 0, 0, 0, 0, 2, 0, 0, 0, 3, 1, 0, 0, 1, 0, 7, 0, 0, 1, 0, 4, 0, 0, 0, 0, 0, 0, 2, 0, 0, 0, 1, 0, 2, 0, 0, 0, 0, 1, 0, 0, 0, 0, 0, 0, 0, 0, 0, 4, 0, 0, 3, 0, 11, 0, 2, 0, 1, 0, 0, 2, 2, 3, 1, 0, 6, 13, 0, 0, 0, 1, 0, 0, 0, 0, 1, 0, 0, 0, 7, 0, 0, 0, 0, 6, 3, 2, 0, 0, 0, 3, 0, 0, 0, 0, 0, 0, 3, 0, 1, 0, 0, 0, 14, 1, 2, 0, 0, 6, 0, 0, 0, 7, 1, 0, 0, 0, 0, 0, 8, 0, 0, 0, 6, 0, 0, 0, 0, 2, 0, 0, 0, 1, 1, 1, 0, 0, 0, 0, 0, 1, 1, 0, 1, 0, 7, 0, 2, 2, 0, 0, 0, 1, 0, 1, 1, 0, 0, 0, 0, 6, 0, 1, 5, 2, 1, 0, 0, 3, 0, 1, 0, 1, 0, 0, 0, 0, 4, 9, 0, 0, 1, 1, 0, 0, 0, 11, 3, 0, 0, 1, 0, 0, 3, 0, 0, 0, 0, 2, 0, 1, 1, 0, 0, 1, 0, 0, 1, 0, 1, 1, 1, 0, 1, 0, 4, 0, 0, 3, 1, 0, 1, 4, 0, 0, 0, 0, 0, 0, 0, 0, 3, 0, 1, 0, 0, 1, 3, 0, 0, 0, 4, 0, 0, 0, 0, 4, 0, 3, 2, 5, 0, 0, 0, 5, 0, 0, 0, 2, 0, 0, 0, 6, 1, 2, 0, 3, 0, 0, 0, 3, 0, 0, 1, 0, 1, 1, 2, 0, 6, 0, 1, 6, 1, 0, 2, 3, 0, 10, 0, 2, 0, 0, 2, 1, 0, 0, 0, 4, 3, 0, 1, 1, 0, 0, 0, 2, 1, 0, 4, 0, 1, 1, 0, 0, 0, 0, 5, 0, 1, 0, 0, 0, 2, 1, 2, 3, 3, 2, 0, 1, 0, 1, 0, 4, 1, 0, 0, 0, 0, 0, 0, 0, 0, 0, 0, 2, 0, 5, 1, 0, 1, 3, 12, 0, 0, 0, 0, 2, 0, 0, 0, 0, 1, 0, 2, 2, 1, 0, 1, 0, 0, 1, 2, 3, 0, 0, 1, 0, 0, 4, 4, 0, 0, 1, 0, 2, 0, 1, 0, 1, 0, 0, 8, 0, 0, 1, 7, 3, 8, 0, 1, 0, 4, 0, 1, 0, 1, 3, 2, 0, 9, 1, 2, 1, 0, 0, 1, 2, 1, 1, 0, 2, 0, 0, 1, 1, 4, 0, 5, 0, 1, 0, 0, 0, 0, 0, 0, 0, 1, 0, 0, 0, 5, 0, 0, 1, 1, 0, 1, 2, 0, 1, 0, 1, 6, 10, 0, 1, 1, 0, 5, 0]
Execution Time (s): 225.2395739555359

