Table 1: Results for Color02/03/04 instances:
Instance: queen5_5.col
Size: 25
True χ: 5
Predicted χ (GNN): 3
Predicted Colors: [2, 2, 2, 2, 2, 2, 2, 2, 2, 2, 2, 2, 2, 2, 2, 2, 2, 2, 2, 2, 2, 2, 2, 2, 2]
Execution Time (s): 58.25340747833252

Instance: queen6_6.col
Size: 36
True χ: 7
Predicted χ (GNN): 3
Predicted Colors: [2, 2, 2, 2, 2, 2, 2, 2, 2, 2, 2, 2, 2, 2, 2, 2, 2, 2, 2, 2, 2, 2, 2, 2, 2, 2, 2, 2, 2, 2, 2, 2, 2, 2, 2, 2]
Execution Time (s): 61.90290117263794

Instance: myciel5.col
Size: 47
True χ: 6
Predicted χ (GNN): 3
Predicted Colors: [2, 2, 2, 2, 2, 2, 2, 2, 2, 2, 2, 2, 2, 2, 2, 2, 2, 2, 2, 2, 2, 2, 2, 2, 2, 2, 2, 2, 2, 2, 2, 2, 2, 2, 2, 2, 2, 2, 2, 2, 2, 2, 2, 2, 2, 2, 2]
Execution Time (s): 52.649306297302246

Instance: queen7_7.col
Size: 49
True χ: 7
Predicted χ (GNN): 1
Predicted Colors: [0, 0, 0, 0, 0, 0, 0, 0, 0, 0, 0, 0, 0, 0, 0, 0, 0, 0, 0, 0, 0, 0, 0, 0, 0, 0, 0, 0, 0, 0, 0, 0, 0, 0, 0, 0, 0, 0, 0, 0, 0, 0, 0, 0, 0, 0, 0, 0, 0]
Execution Time (s): 68.85405206680298

Instance: queen8_8.col
Size: 64
True χ: 9
Predicted χ (GNN): 1
Predicted Colors: [0, 0, 0, 0, 0, 0, 0, 0, 0, 0, 0, 0, 0, 0, 0, 0, 0, 0, 0, 0, 0, 0, 0, 0, 0, 0, 0, 0, 0, 0, 0, 0, 0, 0, 0, 0, 0, 0, 0, 0, 0, 0, 0, 0, 0, 0, 0, 0, 0, 0, 0, 0, 0, 0, 0, 0, 0, 0, 0, 0, 0, 0, 0, 0]
Execution Time (s): 67.56205797195435

Instance: 1-Insertions_4.col
Size: 67
True χ: 4
Predicted χ (GNN): 3
Predicted Colors: [1, 1, 1, 1, 1, 1, 1, 1, 1, 1, 1, 1, 1, 1, 1, 1, 2, 1, 1, 1, 0, 0, 1, 1, 1, 1, 1, 1, 1, 1, 1, 1, 1, 1, 1, 1, 1, 1, 0, 1, 1, 1, 0, 0, 1, 1, 1, 1, 1, 1, 1, 1, 0, 1, 1, 1, 2, 1, 1, 0, 0, 0, 1, 0, 1, 0, 1]
Execution Time (s): 53.1315553188324

Instance: huck.col
Size: 74
True χ: 11
Predicted χ (GNN): 11
Predicted Colors: [3, 5, 1, 1, 9, 3, 0, 0, 4, 5, 7, 7, 4, 6, 1, 1, 1, 3, 8, 8, 5, 5, 2, 1, 10, 0, 6, 0, 5, 3, 5, 2, 0, 6, 0, 1, 0, 7, 7, 6, 3, 2, 0, 1, 2, 6, 5, 1, 2, 8, 4, 2, 3, 1, 0, 9, 2, 2, 1, 5, 0, 4, 0, 4, 2, 1, 6, 7, 6, 1, 0, 1, 4, 1]
Execution Time (s): 62.36924147605896

Instance: jean.col
Size: 80
True χ: 10
Predicted χ (GNN): 8
Predicted Colors: [6, 6, 4, 2, 2, 7, 2, 7, 2, 2, 7, 6, 7, 6, 2, 7, 2, 7, 2, 2, 4, 2, 2, 6, 4, 2, 4, 7, 2, 2, 7, 6, 4, 2, 7, 2, 7, 2, 2, 4, 6, 7, 7, 7, 2, 7, 2, 7, 3, 2, 4, 2, 2, 6, 7, 4, 7, 7, 2, 4, 7, 2, 4, 2, 6, 2, 7, 2, 4, 2, 7, 2, 4, 7, 6, 2, 2, 7, 2, 6]
Execution Time (s): 58.65055465698242

Instance: queen9_9.col
Size: 81
True χ: 10
Predicted χ (GNN): 1
Predicted Colors: [0, 0, 0, 0, 0, 0, 0, 0, 0, 0, 0, 0, 0, 0, 0, 0, 0, 0, 0, 0, 0, 0, 0, 0, 0, 0, 0, 0, 0, 0, 0, 0, 0, 0, 0, 0, 0, 0, 0, 0, 0, 0, 0, 0, 0, 0, 0, 0, 0, 0, 0, 0, 0, 0, 0, 0, 0, 0, 0, 0, 0, 0, 0, 0, 0, 0, 0, 0, 0, 0, 0, 0, 0, 0, 0, 0, 0, 0, 0, 0, 0]
Execution Time (s): 85.92815256118774

Instance: david.col
Size: 87
True χ: 11
Predicted χ (GNN): 11
Predicted Colors: [3, 2, 1, 6, 1, 1, 7, 1, 2, 1, 4, 3, 3, 1, 1, 5, 2, 2, 1, 2, 10, 2, 4, 2, 1, 1, 4, 1, 8, 2, 2, 8, 5, 5, 6, 1, 5, 1, 1, 5, 1, 6, 5, 1, 7, 7, 2, 1, 3, 9, 3, 5, 8, 4, 10, 1, 1, 4, 1, 2, 2, 1, 3, 1, 1, 4, 1, 4, 2, 1, 6, 7, 8, 9, 1, 3, 1, 2, 5, 5, 7, 1, 0, 6, 0, 1, 3]
Execution Time (s): 76.63142991065979

Instance: mug88_1.col
Size: 88
True χ: 4
Predicted χ (GNN): 4
Predicted Colors: [0, 1, 0, 0, 2, 1, 1, 2, 0, 1, 0, 1, 2, 0, 2, 1, 0, 2, 3, 1, 2, 1, 1, 0, 2, 0, 2, 3, 0, 2, 1, 1, 0, 0, 1, 0, 1, 2, 0, 1, 0, 2, 0, 1, 2, 0, 2, 0, 1, 2, 1, 1, 0, 1, 1, 0, 1, 2, 2, 0, 1, 1, 2, 3, 1, 2, 3, 1, 2, 3, 2, 0, 3, 1, 2, 3, 3, 0, 2, 3, 0, 2, 0, 1, 2, 3, 0, 2]
Execution Time (s): 65.97652506828308

Instance: myciel6.col
Size: 95
True χ: 7
Predicted χ (GNN): 7
Predicted Colors: [0, 1, 0, 1, 2, 2, 1, 3, 1, 2, 0, 2, 4, 3, 3, 2, 2, 6, 3, 3, 2, 4, 0, 5, 1, 3, 1, 4, 5, 1, 3, 1, 5, 4, 3, 4, 3, 3, 4, 3, 5, 3, 3, 5, 4, 1, 0, 2, 1, 3, 1, 2, 2, 1, 3, 1, 2, 4, 2, 4, 3, 3, 2, 2, 2, 3, 3, 2, 4, 1, 2, 1, 3, 1, 2, 2, 1, 3, 1, 2, 4, 2, 1, 3, 1, 2, 2, 1, 3, 1, 2, 4, 1, 2, 0]
Execution Time (s): 62.770769119262695

Instance: queen8_12.col
Size: 96
True χ: 12
Predicted χ (GNN): 4
Predicted Colors: [3, 2, 3, 2, 2, 2, 2, 2, 2, 2, 2, 2, 3, 2, 2, 2, 2, 2, 2, 2, 2, 2, 2, 2, 3, 3, 3, 3, 2, 2, 2, 2, 2, 2, 2, 2, 3, 3, 3, 2, 2, 2, 2, 2, 2, 2, 2, 2, 2, 2, 2, 2, 2, 2, 2, 2, 2, 2, 2, 2, 3, 3, 3, 3, 2, 2, 2, 2, 2, 2, 2, 2, 2, 2, 2, 2, 2, 2, 2, 2, 2, 2, 2, 2, 2, 2, 2, 2, 2, 2, 2, 2, 2, 2, 2, 2]
Execution Time (s): 127.30898571014404

Instance: games120.col
Size: 120
True χ: 9
Predicted χ (GNN): 8
Predicted Colors: [0, 7, 7, 5, 5, 2, 5, 7, 5, 5, 2, 5, 2, 2, 7, 0, 5, 7, 5, 6, 5, 7, 5, 7, 5, 5, 5, 5, 7, 7, 5, 5, 5, 5, 0, 6, 7, 5, 7, 7, 2, 7, 0, 7, 7, 5, 0, 5, 5, 5, 5, 7, 7, 7, 2, 5, 6, 5, 7, 2, 5, 6, 5, 5, 7, 7, 7, 5, 5, 5, 7, 5, 7, 7, 5, 5, 7, 5, 5, 6, 7, 7, 5, 5, 5, 7, 2, 5, 0, 7, 7, 7, 5, 0, 7, 5, 5, 7, 5, 7, 5, 5, 7, 7, 7, 5, 5, 7, 5, 5, 6, 7, 0, 5, 5, 5, 5, 5, 5, 5]
Execution Time (s): 90.24595212936401

Instance: queen11_11.col
Size: 121
True χ: 11
Predicted χ (GNN): 8
Predicted Colors: [7, 7, 7, 7, 7, 7, 7, 7, 7, 7, 7, 7, 7, 7, 7, 7, 7, 7, 7, 7, 7, 7, 7, 7, 7, 7, 7, 7, 7, 7, 7, 7, 7, 7, 7, 7, 7, 7, 7, 7, 7, 7, 7, 7, 7, 7, 7, 7, 7, 7, 7, 7, 7, 7, 7, 7, 7, 7, 7, 7, 7, 7, 7, 7, 7, 7, 7, 7, 7, 7, 7, 7, 7, 7, 7, 7, 7, 7, 7, 7, 7, 7, 7, 7, 7, 7, 7, 7, 7, 7, 7, 7, 7, 7, 7, 7, 7, 7, 7, 7, 7, 7, 7, 7, 7, 7, 7, 7, 7, 7, 7, 7, 7, 7, 7, 7, 7, 7, 7, 7, 7]
Execution Time (s): 130.26572132110596

Instance: anna.col
Size: 138
True χ: 11
Predicted χ (GNN): 9
Predicted Colors: [8, 0, 0, 0, 0, 0, 0, 0, 0, 0, 0, 1, 0, 0, 0, 0, 0, 0, 0, 0, 0, 1, 0, 8, 8, 0, 0, 0, 0, 0, 0, 8, 4, 1, 8, 0, 8, 8, 0, 4, 0, 8, 8, 0, 0, 0, 8, 8, 8, 0, 4, 8, 0, 1, 0, 8, 8, 8, 0, 0, 1, 4, 0, 4, 0, 0, 1, 0, 0, 8, 8, 8, 8, 0, 0, 4, 8, 0, 0, 0, 0, 0, 0, 8, 0, 0, 0, 0, 0, 8, 0, 0, 8, 1, 8, 0, 1, 0, 0, 1, 8, 8, 0, 1, 0, 8, 0, 0, 8, 1, 8, 8, 0, 0, 0, 0, 0, 0, 0, 1, 0, 8, 0, 0, 8, 8, 0, 8, 0, 0, 8, 0, 8, 8, 0, 0, 0, 0]
Execution Time (s): 100.74381971359253

Instance: 2-Insertions_4.col
Size: 149
True χ: 4
Predicted χ (GNN): 4
Predicted Colors: [0, 1, 0, 1, 0, 1, 0, 1, 2, 0, 1, 0, 1, 0, 1, 0, 1, 2, 0, 1, 0, 1, 0, 1, 0, 1, 2, 2, 1, 2, 1, 2, 1, 3, 1, 2, 0, 0, 1, 0, 1, 0, 1, 0, 1, 2, 0, 1, 0, 1, 0, 1, 0, 1, 2, 0, 1, 0, 1, 0, 1, 0, 1, 2, 2, 1, 2, 1, 2, 1, 3, 1, 2, 0, 0, 1, 0, 1, 0, 1, 0, 1, 2, 0, 1, 0, 1, 0, 1, 0, 1, 2, 0, 1, 0, 1, 0, 1, 0, 1, 2, 2, 2, 2, 2, 2, 2, 3, 3, 2, 0, 2, 1, 2, 1, 2, 1, 3, 1, 2, 2, 1, 2, 1, 2, 1, 3, 1, 2, 3, 1, 3, 1, 4, 1, 3, 1, 2, 2, 1, 2, 1, 2, 1, 3, 1, 2, 1, 0]
Execution Time (s): 89.3832778930664

Instance: queen13_13.col
Size: 169
True χ: 13
Predicted χ (GNN): 1
Predicted Colors: [0, 0, 0, 0, 0, 0, 0, 0, 0, 0, 0, 0, 0, 0, 0, 0, 0, 0, 0, 0, 0, 0, 0, 0, 0, 0, 0, 0, 0, 0, 0, 0, 0, 0, 0, 0, 0, 0, 0, 0, 0, 0, 0, 0, 0, 0, 0, 0, 0, 0, 0, 0, 0, 0, 0, 0, 0, 0, 0, 0, 0, 0, 0, 0, 0, 0, 0, 0, 0, 0, 0, 0, 0, 0, 0, 0, 0, 0, 0, 0, 0, 0, 0, 0, 0, 0, 0, 0, 0, 0, 0, 0, 0, 0, 0, 0, 0, 0, 0, 0, 0, 0, 0, 0, 0, 0, 0, 0, 0, 0, 0, 0, 0, 0, 0, 0, 0, 0, 0, 0, 0, 0, 0, 0, 0, 0, 0, 0, 0, 0, 0, 0, 0, 0, 0, 0, 0, 0, 0, 0, 0, 0, 0, 0, 0, 0, 0, 0, 0, 0, 0, 0, 0, 0, 0, 0, 0, 0, 0, 0, 0, 0, 0, 0, 0, 0, 0, 0, 0]
Execution Time (s): 194.6653983592987

Instance: myciel7.col
Size: 191
True χ: 8
Predicted χ (GNN): 8
Predicted Colors: [0, 1, 0, 1, 2, 2, 1, 3, 1, 2, 0, 3, 4, 3, 3, 4, 3, 6, 3, 3, 5, 4, 0, 5, 1, 3, 1, 4, 5, 1, 3, 1, 5, 4, 3, 4, 3, 3, 4, 3, 5, 3, 3, 5, 4, 1, 0, 2, 4, 3, 6, 2, 2, 6, 3, 6, 2, 4, 2, 4, 3, 3, 2, 2, 6, 3, 3, 2, 4, 2, 5, 4, 3, 6, 4, 5, 5, 3, 5, 5, 4, 3, 4, 3, 3, 4, 3, 5, 3, 3, 5, 4, 7, 2, 0, 2, 1, 3, 1, 2, 2, 1, 3, 1, 2, 4, 3, 4, 3, 3, 4, 3, 6, 3, 3, 5, 4, 1, 5, 1, 3, 1, 4, 5, 1, 3, 1, 5, 4, 3, 1, 3, 1, 4, 3, 1, 3, 1, 5, 4, 1, 2, 2, 1, 3, 1, 2, 2, 1, 3, 1, 2, 4, 2, 4, 3, 3, 2, 2, 2, 3, 3, 2, 4, 1, 2, 1, 3, 1, 2, 2, 1, 3, 1, 2, 4, 2, 1, 3, 1, 2, 2, 1, 3, 1, 2, 4, 1, 2, 1, 0]
Execution Time (s): 125.90562319755554

Instance: homer.col
Size: 561
True χ: 13
Predicted χ (GNN): 11
Predicted Colors: [2, 2, 8, 2, 2, 2, 2, 8, 8, 10, 8, 2, 2, 10, 2, 8, 2, 8, 2, 2, 2, 2, 10, 2, 2, 10, 2, 10, 2, 2, 2, 2, 2, 2, 2, 10, 2, 2, 8, 2, 5, 10, 8, 2, 2, 2, 2, 2, 8, 2, 10, 8, 8, 8, 2, 2, 2, 10, 8, 8, 2, 2, 2, 10, 2, 2, 10, 8, 2, 2, 5, 2, 2, 2, 2, 8, 2, 8, 2, 5, 10, 2, 8, 10, 2, 2, 2, 2, 10, 2, 2, 8, 5, 2, 2, 2, 2, 2, 2, 10, 8, 2, 2, 2, 2, 2, 2, 2, 8, 2, 2, 2, 5, 10, 10, 8, 2, 2, 2, 2, 10, 2, 2, 10, 8, 2, 2, 2, 2, 2, 2, 10, 10, 2, 2, 2, 2, 2, 2, 2, 8, 2, 5, 2, 8, 8, 2, 2, 5, 2, 2, 2, 2, 2, 2, 2, 8, 8, 2, 2, 2, 5, 2, 2, 2, 10, 2, 8, 2, 2, 2, 5, 5, 8, 5, 10, 2, 2, 2, 8, 5, 10, 2, 8, 8, 2, 2, 10, 10, 2, 2, 2, 10, 8, 2, 2, 2, 5, 2, 2, 10, 2, 2, 8, 2, 8, 2, 2, 2, 10, 2, 8, 2, 8, 2, 2, 2, 2, 8, 2, 2, 2, 2, 8, 2, 10, 2, 10, 2, 2, 2, 8, 2, 2, 2, 2, 2, 2, 2, 2, 2, 8, 10, 2, 8, 8, 2, 2, 8, 10, 2, 2, 8, 2, 2, 2, 2, 8, 2, 2, 2, 2, 2, 2, 2, 2, 2, 10, 2, 2, 2, 10, 8, 2, 2, 2, 10, 10, 2, 10, 2, 2, 10, 2, 2, 2, 5, 2, 8, 8, 2, 2, 8, 10, 2, 10, 2, 8, 2, 2, 2, 8, 2, 8, 10, 2, 8, 2, 10, 10, 8, 2, 2, 10, 2, 2, 10, 2, 8, 2, 10, 10, 2, 2, 2, 8, 2, 10, 2, 2, 8, 2, 2, 8, 2, 8, 2, 2, 6, 2, 2, 8, 8, 10, 2, 8, 2, 2, 8, 8, 2, 8, 10, 10, 5, 2, 2, 10, 2, 2, 2, 2, 2, 2, 2, 5, 2, 2, 2, 2, 2, 2, 10, 10, 2, 2, 5, 2, 2, 2, 10, 2, 8, 2, 2, 8, 10, 10, 2, 2, 2, 2, 2, 8, 2, 5, 2, 2, 8, 2, 10, 5, 2, 5, 2, 8, 6, 2, 2, 2, 2, 2, 2, 8, 2, 2, 2, 10, 10, 2, 8, 10, 5, 8, 2, 2, 2, 2, 8, 2, 2, 2, 2, 2, 2, 2, 2, 10, 8, 8, 8, 2, 2, 5, 2, 2, 2, 2, 2, 2, 2, 2, 8, 2, 2, 8, 2, 10, 8, 2, 2, 2, 2, 8, 8, 2, 8, 2, 8, 8, 8, 2, 2, 10, 8, 2, 2, 2, 2, 2, 10, 10, 8, 10, 2, 2, 8, 2, 10, 2, 10, 2, 10, 10, 2, 2, 2, 2, 2, 8, 10, 2, 10, 5, 2, 2, 2, 2, 10, 2, 2, 2, 6, 5, 2, 8, 8, 2, 2, 2, 2, 2, 8, 2, 8, 2, 10, 2, 8, 2, 2, 2, 2, 8, 5, 8, 2, 2, 10, 10, 2, 2, 2, 5, 10, 8, 8, 2, 2, 2, 2, 8, 2, 2, 2, 10, 8, 2, 10, 2, 2]
Execution Time (s): 158.81870985031128

